#  left-edge  right-edge       scale-central  central-error        scale-min      min-error        scale-max      max-error      rel-down     rel-up
           0          10         0.015737207    0.000598901      0.012386996    0.000436473      0.020477203    0.000835908       -21.29%     30.12%
          10          20         0.037353349    0.000438271      0.030009756    0.000463702      0.047502421    0.000611835       -19.66%     27.17%
          20          30         0.055059116    0.000399925      0.044859568    0.000292032      0.068880927    0.000556396       -18.52%     25.10%
          30          40         0.072244463    0.000240692      0.059457490    0.000175767      0.089291343    0.000335944       -17.70%     23.60%
          40          50         0.089597922    0.000487911      0.074312820    0.000356628       0.10969600    0.000677177       -17.06%     22.43%
          50          60          0.10765771    0.000596636      0.089835224    0.000435615       0.13080500    0.000829108       -16.55%     21.50%
          60          70          0.12664059    0.000552830       0.10619384    0.000594447       0.15290813    0.000765459       -16.15%     20.74%
          70          80          0.14572608    0.000924637       0.12272314    0.000676221       0.17497422     0.00128024       -15.79%     20.07%
          80          90          0.16455398    0.000558868       0.13919001    0.000409902       0.19643096    0.000772228       -15.41%     19.37%
          90         100          0.18434366    0.000595066       0.15639845    0.000434618       0.21914617    0.000826906       -15.16%     18.88%
         100         110          0.20379631     0.00105661       0.17350192    0.000766781       0.24111070     0.00104811       -14.87%     18.31%
         110         120          0.22059434     0.00110898       0.18890624    0.000807201       0.25887829     0.00154508       -14.36%     17.35%
         120         130          0.22544735    0.000526442       0.19533706    0.000383702       0.26029810    0.000734127       -13.36%     15.46%
         130         140          0.21430260    0.000233560       0.18809887    0.000170568       0.24285844    0.000332350       -12.23%     13.33%
         140         150          0.19640718    0.000215859       0.17414364    0.000160267       0.21920526    0.000303637       -11.34%     11.61%
         150         160          0.17392325    0.000890344       0.15570571    0.000654054       0.19119335     0.00122691       -10.47%      9.93%
         160         170          0.15203390    0.000980758       0.13712333    0.000716356       0.16509790     0.00136317        -9.81%      8.59%
         170         180          0.13083621     0.00109217       0.11878564    0.000795523       0.14048863     0.00152023        -9.21%      7.38%
         180         190          0.11149442    0.000887691       0.10177421    0.000645264       0.11857458     0.00123715        -8.72%      6.35%
         190         200         0.094361083     0.00115379      0.086565884    0.000836986      0.099461052     0.00155412        -8.26%      5.40%
         200         210         0.079367084     0.00102317      0.073151129    0.000742826      0.083120612     0.00137610        -7.83%      4.73%
         210         220         0.066694502    0.000902269      0.061689167    0.000655001      0.069488897     0.00121106        -7.50%      4.19%
         220         230         0.055710074    0.000678205      0.051731318    0.000489700      0.057709778    0.000907755        -7.14%      3.59%
         230         240         0.046680875    0.000800699      0.043471341    0.000577346      0.048152979     0.00106992        -6.88%      3.15%
         240         250         0.038853378    0.000731514      0.036328625    0.000527993      0.039842382    0.000975899        -6.50%      2.55%
         250         260         0.032833254    0.000595984      0.030700565    0.000429693      0.033658690    0.000793847        -6.50%      2.51%
         260         270         0.027497416    0.000376746      0.025780079    0.000270683      0.028080799    0.000501293        -6.25%      2.12%
         270         280         0.023043323    0.000470144      0.021655141    0.000337800      0.023448714    0.000624347        -6.02%      1.76%
         280         290         0.019272881    0.000229438      0.018170335    0.000164129      0.019521046    0.000303822        -5.72%      1.29%
         290         300         0.016331952    0.000328343      0.015398872    0.000236057      0.016539380    0.000435002        -5.71%      1.27%
         300         310         0.013755433    0.000253450      0.012997496    0.000181737      0.013883345    0.000335081        -5.51%      0.93%
         310         320         0.011693813    0.000198674      0.011046585    0.000142357      0.011794875    0.000262361        -5.53%      0.86%
         320         330         0.010012778    0.000107591     0.0094465614    7.70588e-05      0.010101611    0.000141894        -5.65%      0.89%
         330         340        0.0084713450    0.000206428     0.0080198127    0.000147187     0.0085181301    0.000272097        -5.33%      0.55%
         340         350        0.0072580492    0.000130010     0.0068785932    9.23586e-05     0.0072924129    0.000171089        -5.23%      0.47%
         350         360        0.0062619582    6.17853e-05     0.0059339528    4.42281e-05     0.0062926920    8.11815e-05        -5.24%      0.49%
         360         370        0.0054254115    0.000106858     0.0051226955    7.58200e-05     0.0054649642    0.000140500        -5.58%      0.73%
         370         380        0.0046022433    0.000109320     0.0043686666    7.75673e-05     0.0046130357    0.000117701        -5.08%      0.23%
         380         390        0.0039667849    6.31100e-05     0.0037701497    4.48199e-05     0.0039767702    6.83047e-05        -4.96%      0.25%
         390         400        0.0034879255    5.48310e-05     0.0033032424    3.89615e-05     0.0035005765    7.17767e-05        -5.29%      0.36%
         400         410        0.0030164913    7.34196e-05     0.0028593108    5.18831e-05     0.0030254483    7.93782e-05        -5.21%      0.30%
         410         420        0.0026585268    2.98849e-05     0.0025113695    2.13846e-05     0.0026726042    4.36255e-05        -5.54%      0.53%
         420         430        0.0022649599    3.27006e-05     0.0021560320    2.31882e-05     0.0022656094    2.97565e-05        -4.81%      0.03%
         430         440        0.0019826451    2.89850e-05     0.0018880596    2.05987e-05     0.0019827211    2.63917e-05        -4.77%     0.004%
         440         450        0.0017568216    3.41631e-05     0.0016672087    2.41845e-05     0.0017602951    3.71535e-05        -5.10%      0.20%
         450         460        0.0015361081    2.83548e-05     0.0014600711    2.01613e-05     0.0015384067    3.07729e-05        -4.95%      0.15%
         460         470        0.0013686929    2.67891e-05     0.0012980813    1.88552e-05     0.0013725195    3.62765e-05        -5.16%      0.28%
         470         480        0.0011899074    3.22686e-05     0.0011288990    2.27048e-05     0.0011932372    3.51355e-05        -5.13%      0.28%
         480         490        0.0010417109    1.85215e-05    0.00099002081    2.66674e-05     0.0010436722    1.66624e-05        -4.96%      0.19%
         490         500       0.00092758190    1.22846e-05    0.00088237181    1.82148e-05    0.00092804447    1.09825e-05        -4.87%      0.05%
         500         510       0.00083291653    2.18225e-05    0.00078909710    1.52683e-05    0.00083601670    2.40350e-05        -5.26%      0.37%
         510         520       0.00073736843    9.22588e-06    0.00070073809    6.58628e-06    0.00073870198    1.07506e-05        -4.97%      0.18%
         520         530       0.00064377218    1.49633e-05    0.00060855874    2.56503e-05    0.00064472625    1.35439e-05        -5.47%      0.15%
         530         540       0.00059059797    8.09293e-06    0.00055968120    5.77444e-06    0.00059180841    9.46083e-06        -5.23%      0.20%
         540         550       0.00052311226    1.46066e-05    0.00049458316    1.02520e-05    0.00052577303    1.61406e-05        -5.45%      0.51%
         550         560       0.00047357770    9.36948e-06    0.00044743035    6.60015e-06    0.00047568352    1.06429e-05        -5.52%      0.44%
         560         570       0.00043394065    1.01382e-05    0.00040916200    7.17865e-06    0.00043646802    1.30863e-05        -5.71%      0.58%
         570         580       0.00039046532    6.14193e-06    0.00036827571    4.38364e-06    0.00039209228    7.29146e-06        -5.68%      0.42%
         580         590       0.00033504685    1.01037e-05    0.00031776859    1.45578e-05    0.00033504685    1.01037e-05        -5.16%   0.00000%
         590         600       0.00031638823    5.26403e-06    0.00029933226    3.75825e-06    0.00031802069    6.78295e-06        -5.39%      0.52%
         600         610       0.00027899069    5.30590e-06    0.00026528469    3.77529e-06    0.00027905947    4.67722e-06        -4.91%      0.02%
         610         620       0.00024981760    4.86479e-06    0.00023680178    3.47306e-06    0.00025050979    5.77834e-06        -5.21%      0.28%
         620         630       0.00021893280    7.16437e-06    0.00020581541    1.03477e-05    0.00021893280    7.16437e-06        -5.99%   0.00000%
         630         640       0.00020264857    6.56720e-06    0.00019108066    9.69646e-06    0.00020264857    6.56720e-06        -5.71%   0.00000%
         640         650       0.00019186760    3.99216e-06    0.00018097649    2.85183e-06    0.00019270094    5.12965e-06        -5.68%      0.43%
         650         660       0.00017258151    5.03682e-06    0.00016104915    3.54545e-06    0.00017448774    5.77951e-06        -6.68%      1.10%
         660         670       0.00015868902    3.92516e-06    0.00014798580    2.79828e-06    0.00016063534    4.66268e-06        -6.74%      1.23%
         670         680       0.00013835223    3.92977e-06    0.00013097188    2.80780e-06    0.00013843329    4.69560e-06        -5.33%      0.06%
         680         690       0.00012925182    3.19995e-06    0.00012194330    2.44592e-06    0.00012977160    4.11120e-06        -5.65%      0.40%
         690         700       0.00011623739    3.60023e-06    0.00010990994    5.58013e-06    0.00011631307    3.15476e-06        -5.44%      0.07%
         700         710       0.00010158738    4.83891e-06    9.4488248e-05    7.08592e-06    0.00010165181    4.26004e-06        -6.99%      0.06%
         710         720       9.5887668e-05    4.08109e-06    9.0240612e-05    2.86122e-06    9.6323986e-05    4.69014e-06        -5.89%      0.46%
         720         730       8.7203575e-05    3.53489e-06    8.2158255e-05    2.48727e-06    8.7691912e-05    4.11030e-06        -5.79%      0.56%
         730         740       7.9080451e-05    2.21215e-06    7.4662402e-05    3.58250e-06    7.9080451e-05    2.21215e-06        -5.59%   0.00000%
         740         750       6.9789948e-05    2.61738e-06    6.5809072e-05    4.01046e-06    6.9789948e-05    2.61738e-06        -5.70%   0.00000%
         750         760       6.7085357e-05    2.62272e-06    6.3308661e-05    1.85990e-06    6.7113842e-05    3.35636e-06        -5.63%      0.04%
         760         770       6.0258643e-05    2.40027e-06    5.7051786e-05    1.70140e-06    6.0258643e-05    2.40027e-06        -5.32%   0.00000%
         770         780       5.6137161e-05    1.85414e-06    5.2426509e-05    1.62975e-06    5.6159689e-05    2.29888e-06        -6.61%      0.04%
         780         790       5.1010452e-05    2.08061e-06    4.8285374e-05    1.47783e-06    5.1010452e-05    2.08061e-06        -5.34%   0.00000%
         790         800       4.7139733e-05    1.65137e-06    4.4652512e-05    2.75866e-06    4.7139733e-05    1.65137e-06        -5.28%   0.00000%
         800         810       4.3979755e-05    1.92371e-06    4.1136010e-05    1.38177e-06    4.4489894e-05    2.27113e-06        -6.47%      1.16%
         810         820       4.0089907e-05    2.10572e-06    3.7582149e-05    1.50272e-06    4.0515538e-05    2.70287e-06        -6.26%      1.06%
         820         830       3.3934015e-05    2.70204e-06    3.1567700e-05    4.14973e-06    3.3934015e-05    2.70204e-06        -6.97%   0.00000%
         830         840       3.4925849e-05    1.94218e-06    3.2438384e-05    1.39319e-06    3.5366876e-05    2.42470e-06        -7.12%      1.26%
         840         850       3.1183437e-05    1.74457e-06    2.9145363e-05    1.25527e-06    3.1623478e-05    2.24057e-06        -6.54%      1.41%
         850         860       2.7006572e-05    2.08413e-06    2.4019266e-05    3.22089e-06    2.7226232e-05    1.81453e-06       -11.06%      0.81%
         860         870       2.3456754e-05    2.02769e-06    1.9827175e-05    3.15107e-06    2.4184979e-05    1.75979e-06       -15.47%      3.10%
         870         880       2.4272063e-05    1.69598e-06    2.2820536e-05    2.66094e-06    2.4272063e-05    1.69598e-06        -5.98%   0.00000%
         880         890       2.2694302e-05    1.14461e-06    2.1437052e-05    8.33008e-07    2.2716860e-05    1.47515e-06        -5.54%       0.1%
         890         900       2.0652825e-05    1.23028e-06    1.9197318e-05    8.81361e-07    2.0960404e-05    1.54841e-06        -7.05%      1.49%
         900         910       1.9652875e-05    1.20607e-06    1.7165540e-05    2.04886e-06    2.0197984e-05    1.02261e-06       -12.66%      2.77%
         910         920       1.7464970e-05    1.27538e-06    1.5823613e-05    2.04387e-06    1.7481136e-05    1.09904e-06        -9.40%      0.09%
         920         930       1.7694532e-05    7.93647e-07    1.6164188e-05    5.82700e-07    1.8195600e-05    1.04676e-06        -8.65%      2.83%
         930         940       1.6490248e-05    7.65482e-07    1.4860976e-05    5.54824e-07    1.7124942e-05    1.31827e-06        -9.88%      3.85%
         940         950       1.3036506e-05    9.05551e-07    1.1595439e-05    1.54268e-06    1.3232149e-05    7.73909e-07       -11.05%      1.50%
         950         960       1.3018561e-05    8.42586e-07    1.1535452e-05    1.43657e-06    1.3263442e-05    7.21350e-07       -11.39%      1.88%
         960         970       1.1001325e-05    9.86400e-07    9.2406350e-06    1.56285e-06    1.1247486e-05    8.49545e-07       -16.00%      2.24%
         970         980       1.1898048e-05    7.62637e-07    1.0915532e-05    5.45741e-07    1.2191724e-05    9.44841e-07        -8.26%      2.47%
         980         990       9.8436486e-06    8.60405e-07    8.4759884e-06    1.37253e-06    1.0026946e-05    7.40556e-07       -13.89%      1.86%
         990        1000       1.0370876e-05    6.86521e-07    9.3683028e-06    4.89972e-07    1.0714801e-05    8.41876e-07        -9.67%      3.32%
