#  left-edge  right-edge       scale-central  central-error        scale-min      min-error        scale-max      max-error      rel-down     rel-up
           0          10       -0.0026644451    0.000741383    -0.0055647775     0.00102015   -0.00096111940    0.000529441       108.85%    -63.93%
          10          20        0.0028388548    0.000683300    -0.0014812419    0.000948091     0.0050428059    0.000492361      -152.18%     77.64%
          20          30         0.012946542    0.000941500     0.0089958543     0.00131175      0.014446991    0.000679210       -30.52%     11.59%
          30          40         0.024871776    0.000944242      0.021857512     0.00131647      0.025713165    0.000902246       -12.12%      3.38%
          40          50         0.038253754     0.00102932      0.036535098     0.00143737      0.039086782    0.000982998        -4.49%      2.18%
          50          60         0.052939367     0.00102402      0.050168593    0.000776356      0.054127930     0.00138442        -5.23%      2.25%
          60          70         0.069223369     0.00111283      0.064729751    0.000844657      0.072312950     0.00150319        -6.49%      4.46%
          70          80         0.086472259    0.000929719      0.080089792    0.000670663      0.091629457     0.00125521        -7.38%      5.96%
          80          90          0.10462124     0.00129867      0.096100204    0.000936163       0.11199587     0.00175065        -8.14%      7.05%
          90         100          0.12351074     0.00139834       0.11268489     0.00100805       0.13323518     0.00188373        -8.77%      7.87%
         100         110          0.14353140     0.00138368       0.13021288    0.000998884       0.15581937     0.00186178        -9.28%      8.56%
         110         120          0.16319886     0.00155491       0.14770349     0.00112186       0.17761776     0.00208783        -9.49%      8.84%
         120         130          0.18503706     0.00119214       0.16647486    0.000669146       0.20268414     0.00159326       -10.03%      9.54%
         130         140          0.20155896    0.000229453       0.17928545    0.000165910       0.22386234    0.000333509       -11.05%     11.07%
         140         150          0.20695976    0.000245817       0.18216951    0.000181560       0.23329382    0.000344198       -11.98%     12.72%
         150         160          0.20273612    0.000439142       0.17686720    0.000324021       0.23136173    0.000392199       -12.76%     14.12%
         160         170          0.19201015    0.000341679       0.16626062    0.000250453       0.22133306    0.000476390       -13.41%     15.27%
         170         180          0.17777981    0.000627478       0.15286734    0.000461084       0.20682676    0.000866010       -14.01%     16.34%
         180         190          0.16112485    0.000913545       0.13769096    0.000668613       0.18897479     0.00126525       -14.54%     17.28%
         190         200          0.14382231    0.000594170       0.12228498    0.000434620       0.16976919    0.000825315       -14.97%     18.04%
         200         210          0.12700505    0.000832844       0.10748865    0.000606113       0.15079558     0.00116244       -15.37%     18.73%
         210         220          0.11114703    0.000790489      0.093674885    0.000572932       0.13265396     0.00110894       -15.72%     19.35%
         220         230         0.096487469    0.000695304      0.081025090    0.000504597       0.11567139    0.000973177       -16.03%     19.88%
         230         240         0.083414564    0.000585240      0.069823001    0.000425953       0.10038918    0.000816390       -16.29%     20.35%
         240         250         0.071573487    0.000468307      0.059771964    0.000339401      0.086372978    0.000657085       -16.49%     20.68%
         250         260         0.061706594    0.000457904      0.051359393    0.000330871      0.074771029    0.000644119       -16.77%     21.17%
         260         270         0.053027553    0.000381320      0.044025319    0.000276515      0.064442742    0.000533761       -16.98%     21.53%
         270         280         0.045326965    0.000346385      0.037564172    0.000250011      0.055198971    0.000487634       -17.13%     21.78%
         280         290         0.038860626    0.000314499      0.032136826    0.000227089      0.047441522    0.000442403       -17.30%     22.08%
         290         300         0.033207037    9.90916e-05      0.027419949    7.11041e-05      0.040607016    0.000142201       -17.43%     22.28%
         300         310         0.028561987    0.000296689      0.023535019    0.000213218      0.035014182    0.000419101       -17.60%     22.59%
         310         320         0.024437799    0.000234766      0.020107984    0.000168372      0.030005012    0.000332671       -17.72%     22.78%
         320         330         0.021013551    0.000185945      0.017263180    0.000133490      0.025846359    0.000262966       -17.85%     23.00%
         330         340         0.018010040    0.000119720      0.014788950    8.56779e-05      0.022160404    0.000170465       -17.88%     23.04%
         340         350         0.015605349    0.000138195      0.012799795    9.94028e-05      0.019223824    0.000194853       -17.98%     23.19%
         350         360         0.013486477    0.000153373      0.011054167    0.000109759      0.016624608    0.000217378       -18.04%     23.27%
         360         370         0.011655486    7.37838e-05     0.0095332878    5.26833e-05      0.014403318    0.000105396       -18.21%     23.58%
         370         380         0.010085341    6.36606e-05     0.0082486707    4.57056e-05      0.012459799    9.03539e-05       -18.21%     23.54%
         380         390        0.0087052498    6.08328e-05     0.0071210837    4.36237e-05      0.010749569    8.63911e-05       -18.20%     23.48%
         390         400        0.0076162551    7.89584e-05     0.0062198000    5.62847e-05     0.0094233952    0.000112286       -18.34%     23.73%
         400         410        0.0066073049    5.52727e-05     0.0053952483    3.95499e-05     0.0081741117    7.83968e-05       -18.34%     23.71%
         410         420        0.0057889256    7.38732e-05     0.0047197127    5.23496e-05     0.0071750122    0.000105529       -18.47%     23.94%
         420         430        0.0050464537    4.47170e-05     0.0041173899    3.18140e-05     0.0062468098    6.38691e-05       -18.41%     23.79%
         430         440        0.0044063215    3.67471e-05     0.0035962908    2.61874e-05     0.0054512888    5.24511e-05       -18.38%     23.72%
         440         450        0.0038759661    3.03080e-05     0.0031599479    2.15257e-05     0.0048006679    4.36480e-05       -18.47%     23.86%
         450         460        0.0034146874    4.07537e-05     0.0027823264    2.88235e-05     0.0042318481    5.84571e-05       -18.52%     23.93%
         460         470        0.0030091118    2.28902e-05     0.0024521537    1.62640e-05     0.0037274265    3.30350e-05       -18.51%     23.87%
         470         480        0.0026455452    2.66885e-05     0.0021524049    1.89286e-05     0.0032834191    3.82198e-05       -18.64%     24.11%
         480         490        0.0023230839    1.65477e-05     0.0018964211    1.18101e-05     0.0028696151    2.40824e-05       -18.37%     23.53%
         490         500        0.0020684627    1.91444e-05     0.0016880716    1.35804e-05     0.0025559523    2.78817e-05       -18.39%     23.57%
         500         510        0.0018450208    2.00465e-05     0.0014995116    1.42799e-05     0.0022915972    2.86805e-05       -18.73%     24.20%
         510         520        0.0016335318    1.97601e-05     0.0013296580    1.40054e-05     0.0020243733    2.82481e-05       -18.60%     23.93%
         520         530        0.0014441073    1.74810e-05     0.0011776247    1.23491e-05     0.0017852914    2.52154e-05       -18.45%     23.63%
         530         540        0.0013014135    1.54487e-05     0.0010581490    1.09076e-05     0.0016146170    2.23325e-05       -18.69%     24.07%
         540         550        0.0011628340    1.35845e-05    0.00094289517    9.63124e-06     0.0014475409    1.95981e-05       -18.91%     24.48%
         550         560        0.0010382862    1.26550e-05    0.00084298722    8.97742e-06     0.0012898698    1.82065e-05       -18.81%     24.23%
         560         570       0.00093121402    1.09385e-05    0.00075733617    7.71238e-06     0.0011542848    1.59514e-05       -18.67%     23.95%
         570         580       0.00085193429    1.51048e-05    0.00069117229    1.05963e-05     0.0010595817    2.18885e-05       -18.87%     24.37%
         580         590       0.00074273959    5.65478e-06    0.00060458170    4.03853e-06    0.00091894618    8.79542e-06       -18.60%     23.72%
         590         600       0.00068252318    1.11885e-05    0.00055529050    7.83548e-06    0.00084515866    1.62392e-05       -18.64%     23.83%
         600         610       0.00061949492    1.04440e-05    0.00050339111    7.36035e-06    0.00076827783    1.51016e-05       -18.74%     24.02%
         610         620       0.00054798560    7.03693e-06    0.00044505341    4.97414e-06    0.00067969639    1.03312e-05       -18.78%     24.04%
         620         630       0.00049129536    6.39976e-06    0.00039942663    4.51583e-06    0.00060848590    1.11779e-05       -18.70%     23.85%
         630         640       0.00044733492    4.57747e-06    0.00036407799    3.25518e-06    0.00055293647    7.10096e-06       -18.61%     23.61%
         640         650       0.00041051792    6.24938e-06    0.00033355731    4.41786e-06    0.00050862252    9.21257e-06       -18.75%     23.90%
         650         660       0.00037393718    6.44339e-06    0.00030159005    4.55288e-06    0.00046794302    9.47783e-06       -19.35%     25.14%
         660         670       0.00033653669    6.22989e-06    0.00027197713    4.36306e-06    0.00041992111    9.14230e-06       -19.18%     24.78%
         670         680       0.00030690629    3.76936e-06    0.00024843199    2.77347e-06    0.00038190455    5.95459e-06       -19.05%     24.44%
         680         690       0.00027929380    6.13534e-06    0.00022647185    4.27347e-06    0.00034691166    8.99148e-06       -18.91%     24.21%
         690         700       0.00025295045    4.67164e-06    0.00020581723    3.30531e-06    0.00031257185    7.01305e-06       -18.63%     23.57%
         700         710       0.00022822295    3.07013e-06    0.00018553514    2.19342e-06    0.00028205401    4.87391e-06       -18.70%     23.59%
         710         720       0.00020734041    2.71746e-06    0.00016783303    1.94721e-06    0.00025780628    4.31889e-06       -19.05%     24.34%
         720         730       0.00019121503    2.80034e-06    0.00015450738    1.99266e-06    0.00023834253    4.38642e-06       -19.20%     24.65%
         730         740       0.00017536149    2.54955e-06    0.00014219851    1.82494e-06    0.00021749060    4.03321e-06       -18.91%     24.02%
         740         750       0.00016025715    2.89053e-06    0.00012926490    2.04580e-06    0.00020019456    4.41401e-06       -19.34%     24.92%
         750         760       0.00014531555    2.13456e-06    0.00011770925    1.53883e-06    0.00018057310    3.44453e-06       -19.00%     24.26%
         760         770       0.00013198856    2.53310e-06    0.00010689431    1.79236e-06    0.00016393221    3.92289e-06       -19.01%     24.20%
         770         780       0.00012254873    2.11477e-06    9.9183139e-05    1.50869e-06    0.00015235192    3.33050e-06       -19.07%     24.32%
         780         790       0.00011241072    2.09439e-06    9.0870568e-05    1.48997e-06    0.00013988725    3.27471e-06       -19.16%     24.44%
         790         800       0.00010354549    2.04065e-06    8.3878001e-05    1.45516e-06    0.00012839000    3.25609e-06       -18.99%     23.99%
         800         810       9.4789785e-05    2.09210e-06    7.6394488e-05    1.49376e-06    0.00011860665    3.33192e-06       -19.41%     25.13%
         810         820       8.8455116e-05    2.29694e-06    7.1122380e-05    1.79242e-06    0.00011091651    3.98285e-06       -19.59%     25.39%
         820         830       7.8169397e-05    2.11087e-06    6.3017784e-05    1.51006e-06    9.7536556e-05    3.41200e-06       -19.38%     24.78%
         830         840       7.4123660e-05    2.18747e-06    5.9616298e-05    1.66230e-06    9.2865445e-05    3.64905e-06       -19.57%     25.28%
         840         850       6.8462115e-05    1.82031e-06    5.4952916e-05    1.31875e-06    8.5848555e-05    2.95084e-06       -19.73%     25.40%
         850         860       6.2908005e-05    1.76253e-06    5.1162515e-05    1.30104e-06    7.7628018e-05    2.86018e-06       -18.67%     23.40%
         860         870       5.5193217e-05    1.27636e-06    4.5293859e-05    9.33425e-07    6.7167265e-05    2.24680e-06       -17.94%     21.69%
         870         880       5.4227580e-05    1.36638e-06    4.3779394e-05    9.89572e-07    6.7539486e-05    2.25972e-06       -19.27%     24.55%
         880         890       4.9759629e-05    1.36714e-06    4.0175552e-05    9.77885e-07    6.1907179e-05    2.25390e-06       -19.26%     24.41%
         890         900       4.5221696e-05    1.43598e-06    3.6223639e-05    1.01872e-06    5.6870478e-05    2.26690e-06       -19.90%     25.76%
         900         910       4.3133268e-05    1.35539e-06    3.5485685e-05    9.59186e-07    5.2288076e-05    2.22824e-06       -17.73%     21.22%
         910         920       3.9145728e-05    1.06308e-06    3.1789356e-05    7.64647e-07    4.8255560e-05    1.79390e-06       -18.79%     23.27%
         920         930       3.8050313e-05    1.31190e-06    3.0232429e-05    9.25856e-07    4.8420810e-05    2.02986e-06       -20.55%     27.25%
         930         940       3.4979448e-05    1.04699e-06    2.7614260e-05    7.39912e-07    4.4820456e-05    1.67223e-06       -21.06%     28.13%
         940         950       3.0904985e-05    9.07265e-07    2.4994332e-05    6.42903e-07    3.8325044e-05    1.54487e-06       -19.13%     24.01%
         950         960       2.9242121e-05    1.07974e-06    2.3860218e-05    7.57432e-07    3.5863325e-05    1.72078e-06       -18.40%     22.64%
         960         970       2.5674261e-05    6.72922e-07    2.1042955e-05    4.90273e-07    3.1233500e-05    1.18544e-06       -18.04%     21.65%
         970         980       2.6013814e-05    7.95363e-07    2.0665257e-05    5.67047e-07    3.3025402e-05    1.27179e-06       -20.56%     26.95%
         980         990       2.3020458e-05    6.83746e-07    1.8759957e-05    4.90011e-07    2.8262423e-05    1.18441e-06       -18.51%     22.77%
         990        1000       2.1903401e-05    6.61927e-07    1.7322507e-05    4.74276e-07    2.7964901e-05    1.06320e-06       -20.91%     27.67%
