#  left-edge  right-edge       scale-central  central-error        scale-min      min-error        scale-max      max-error      rel-down     rel-up
           0          10         0.017183070    0.000323602      0.013442213    0.000236482      0.022504005    0.000453460       -21.77%     30.97%
          10          20         0.038391016    0.000562620      0.030761943    0.000412093      0.048966482    0.000786323       -19.87%     27.55%
          20          30         0.055574460    0.000665803      0.045239088    0.000487272      0.069593146    0.000931494       -18.60%     25.23%
          30          40         0.073648698    0.000810797      0.060491428    0.000591739      0.091241447     0.00113776       -17.86%     23.89%
          40          50         0.093048601    0.000994080      0.076833369    0.000725990       0.11452897     0.00139378       -17.43%     23.09%
          50          60          0.10950453     0.00123579      0.091173807    0.000904038       0.13342398     0.00172951       -16.74%     21.84%
          60          70          0.12727436     0.00126800       0.10666081    0.000927546       0.15378546     0.00177486       -16.20%     20.83%
          70          80          0.14712745     0.00120161       0.12374956    0.000878252       0.17693267     0.00168355       -15.89%     20.26%
          80          90          0.16676034     0.00140116       0.14079465     0.00102542       0.19953084     0.00196012       -15.57%     19.65%
          90         100          0.18651919     0.00149947       0.15798639     0.00109730       0.22220078     0.00209785       -15.30%     19.13%
         100         110          0.20506801     0.00148034       0.17441896     0.00108202       0.24291563     0.00207386       -14.95%     18.46%
         110         120          0.22404338     0.00157394       0.19136820     0.00115067       0.26382289     0.00220444       -14.58%     17.76%
         120         130          0.22653377     0.00163806       0.19611476     0.00119745       0.26185302     0.00229461       -13.43%     15.59%
         130         140          0.21679598     0.00167104       0.18991174     0.00122101       0.24636886     0.00234193       -12.40%     13.64%
         140         150          0.19473710     0.00172749       0.17289604     0.00126175       0.21693602     0.00242221       -11.22%     11.40%
         150         160          0.17124878     0.00165509       0.15374765     0.00120764       0.18746109     0.00232355       -10.22%      9.47%
         160         170          0.15355854     0.00156146       0.13820703     0.00113787       0.16729779     0.00219515        -10.0%      8.95%
         170         180          0.12665834     0.00144617       0.11569460     0.00105298       0.13472312     0.00203502        -8.66%      6.37%
         180         190          0.10942323     0.00128320       0.10026316    0.000933232       0.11567936     0.00180819        -8.37%      5.72%
         190         200         0.094851046     0.00113188      0.086902969    0.000821827       0.10018221     0.00159804        -8.38%      5.62%
         200         210         0.075761455    0.000951613      0.070535289    0.000689680      0.078317936     0.00126367        -6.90%      3.37%
         210         220         0.066890715    0.000821529      0.061817146    0.000594487      0.069723787     0.00108941        -7.58%      4.24%
         220         230         0.053483467    0.000720900      0.050104919    0.000520668      0.054752774    0.000954644        -6.32%      2.37%
         230         240         0.046115144    0.000644645      0.043067748    0.000465292      0.047381139    0.000852592        -6.61%      2.75%
         240         250         0.037639822    0.000567001      0.035435443    0.000409043      0.038251238    0.000749150        -5.86%      1.62%
         250         260         0.030885132    0.000477027      0.029303367    0.000343427      0.031064106    0.000629413        -5.12%      0.58%
         260         270         0.026595698    0.000407401      0.025125657    0.000292980      0.026879894    0.000536850        -5.53%      1.07%
         270         280         0.022979986    0.000395463      0.021605644    0.000284555      0.023361277    0.000520729        -5.98%      1.66%
         280         290         0.018838744    0.000358738      0.017850229    0.000258041      0.018947420    0.000472039        -5.25%      0.58%
         290         300         0.015744536    0.000272142      0.014978874    0.000195173      0.015788998    0.000296705        -4.86%      0.28%
         300         310         0.013366958    0.000237801      0.012717614    0.000170386      0.013408861    0.000259798        -4.86%      0.31%
         310         320         0.011114011    0.000205259      0.010641453    0.000146948      0.011142123    0.000188156        -4.25%      0.25%
         320         330        0.0096279086    0.000181301     0.0091808080    0.000129752     0.0096469209    0.000198736        -4.64%      0.20%
         330         340        0.0082747256    0.000162345     0.0078797731    0.000116098     0.0082984464    0.000178256        -4.77%      0.29%
         340         350        0.0070686632    0.000146817     0.0067382049    0.000104904     0.0070829151    0.000161498        -4.67%      0.20%
         350         360        0.0058017218    0.000128938     0.0054867466    0.000185533     0.0058296595    0.000117553        -5.43%      0.48%
         360         370        0.0052790294    0.000109287     0.0050205453    7.79359e-05     0.0052953253    0.000120712        -4.90%      0.31%
         370         380        0.0045169967    0.000105437     0.0043076327    7.51946e-05     0.0045231761    0.000116516        -4.64%      0.14%
         380         390        0.0038120098    9.57318e-05     0.0036382773    0.000138106     0.0038188379    8.69121e-05        -4.56%      0.18%
         390         400        0.0034099992    7.78925e-05     0.0032467314    5.53807e-05     0.0034169689    8.65678e-05        -4.79%      0.20%
         400         410        0.0028254893    6.89426e-05     0.0026610636    9.97104e-05     0.0028367233    6.23410e-05        -5.82%      0.40%
         410         420        0.0025064548    6.20854e-05     0.0023808340    8.98834e-05     0.0025115635    5.60539e-05        -5.01%      0.20%
         420         430        0.0021074501    5.59516e-05     0.0019577199    8.10341e-05     0.0021218708    5.04701e-05        -7.10%      0.68%
         430         440        0.0020234062    5.05283e-05     0.0019150065    3.58744e-05     0.0020318606    5.64063e-05        -5.36%      0.42%
         440         450        0.0016783169    4.78208e-05     0.0015896125    6.93550e-05     0.0016808442    4.30321e-05        -5.29%      0.15%
         450         460        0.0015051452    4.35569e-05     0.0014375232    3.08787e-05     0.0015056459    3.91548e-05        -4.49%      0.03%
         460         470        0.0012630051    3.81555e-05     0.0011752065    5.53520e-05     0.0012687267    3.42819e-05        -6.95%      0.45%
         470         480        0.0011377481    3.44184e-05     0.0010696427    4.99673e-05     0.0011408669    3.08900e-05        -5.99%      0.27%
         480         490        0.0010585427    3.22835e-05     0.0010045787    2.28415e-05     0.0010617815    3.63057e-05        -5.10%      0.31%
         490         500       0.00088354559    3.00035e-05    0.00082301607    4.36659e-05    0.00088742159    2.68404e-05        -6.85%      0.44%
         500         510       0.00081967350    2.65451e-05    0.00078116548    1.87739e-05    0.00082008600    2.99096e-05        -4.70%      0.05%
         510         520       0.00071641536    2.39453e-05    0.00067881869    3.48796e-05    0.00071651375    2.13832e-05        -5.25%      0.01%
         520         530       0.00063148156    2.20397e-05    0.00059333650    3.21252e-05    0.00063227352    1.96603e-05        -6.04%      0.13%
         530         540       0.00055006227    2.03062e-05    0.00050883760    2.96204e-05    0.00055196162    1.80956e-05        -7.49%      0.35%
         540         550       0.00052813531    1.89688e-05    0.00050166744    1.33895e-05    0.00052891574    2.14701e-05        -5.01%      0.15%
         550         560       0.00044756912    1.83205e-05    0.00041947640    2.67395e-05    0.00044788282    1.63022e-05        -6.28%      0.07%
         560         570       0.00039133508    1.71485e-05    0.00035905783    2.50625e-05    0.00039363498    1.52353e-05        -8.25%      0.59%
         570         580       0.00038444833    1.53794e-05    0.00036366523    1.08348e-05    0.00038559622    1.74735e-05        -5.41%      0.30%
         580         590       0.00030908523    1.44486e-05    0.00028009983    2.11055e-05    0.00031133184    1.28297e-05        -9.38%      0.73%
         590         600       0.00030460138    1.33741e-05    0.00028975730    9.42754e-06    0.00030460138    1.33741e-05        -4.87%   0.00000%
         600         610       0.00027995642    1.31978e-05    0.00026467550    9.27356e-06    0.00028076422    1.50523e-05        -5.46%      0.29%
         610         620       0.00022974880    1.98613e-05    0.00021174120    3.03403e-05    0.00023036996    1.69429e-05        -7.84%      0.27%
         620         630       0.00021441867    1.86541e-05    0.00019887812    2.86296e-05    0.00021559888    1.58423e-05        -7.25%      0.55%
         630         640       0.00021570328    9.73217e-06    0.00020153579    6.85041e-06    0.00021843569    1.24816e-05        -6.57%      1.27%
         640         650       0.00017304728    9.07694e-06    0.00015892430    1.32986e-05    0.00017376908    8.01938e-06        -8.16%      0.42%
         650         660       0.00015851018    8.44103e-06    0.00014599255    1.23708e-05    0.00015911946    7.45325e-06        -7.90%      0.38%
         660         670       0.00014787188    8.05812e-06    0.00013840800    1.18116e-05    0.00014800024    7.11106e-06        -6.40%      0.09%
         670         680       0.00012768115    7.41471e-06    0.00011706612    1.08651e-05    0.00012799893    6.54240e-06        -8.31%      0.25%
         680         690       0.00011731015    6.65663e-06    0.00010817207    9.75826e-06    0.00011746777    5.87019e-06        -7.79%      0.13%
         690         700       0.00011861295    6.21349e-06    0.00011152825    4.36581e-06    0.00011924497    7.12794e-06        -5.97%      0.53%
         700         710       0.00010425828    6.02727e-06    9.8482312e-05    4.23792e-06    0.00010448883    6.91197e-06        -5.54%      0.22%
         710         720       9.1705134e-05    5.85156e-06    8.5473431e-05    8.60091e-06    9.1841325e-05    5.14703e-06        -6.80%      0.15%
         720         730       7.9113401e-05    5.41624e-06    7.1494448e-05    7.97877e-06    7.9631966e-05    4.75263e-06        -9.63%      0.66%
         730         740       7.4168327e-05    4.85542e-06    6.7761264e-05    7.13181e-06    7.4417356e-05    4.26852e-06        -8.64%      0.34%
         740         750       7.3869410e-05    4.50473e-06    6.9548605e-05    3.16504e-06    7.4146581e-05    5.18027e-06        -5.85%      0.38%
         750         760       6.2521149e-05    4.26003e-06    5.8006959e-05    6.26449e-06    6.2543010e-05    3.73926e-06        -7.22%      0.03%
         760         770       5.7801564e-05    3.98110e-06    5.3302170e-05    5.85578e-06    5.7878402e-05    3.49221e-06        -7.78%      0.13%
         770         780       5.6302873e-05    3.80240e-06    5.3003954e-05    2.66655e-06    5.6527995e-05    4.38680e-06        -5.86%      0.40%
         780         790       5.0901162e-05    3.61046e-06    4.8268728e-05    2.52925e-06    5.0901162e-05    3.61046e-06        -5.17%   0.00000%
         790         800       4.5222150e-05    3.51287e-06    4.2023244e-05    5.17904e-06    4.5222150e-05    3.51287e-06        -7.07%   0.00000%
         800         810       4.5263441e-05    4.03980e-06    4.2325435e-05    2.82852e-06    4.5709919e-05    5.14629e-06        -6.49%      0.99%
         810         820       3.1797503e-05    3.72611e-06    2.6046737e-05    5.48474e-06    3.2587268e-05    3.26161e-06       -18.09%      2.48%
         820         830       4.1222425e-05    2.86482e-06    3.7889388e-05    2.00565e-06    4.2455612e-05    3.64530e-06        -8.09%      2.99%
         830         840       2.9422266e-05    2.79475e-06    2.5769534e-05    4.12471e-06    2.9743548e-05    2.43953e-06       -12.41%      1.09%
         840         850       2.5234471e-05    2.53040e-06    2.1242120e-05    3.73600e-06    2.5736735e-05    2.20815e-06       -15.82%      1.99%
         850         860       3.4188880e-05    2.47408e-06    3.1067774e-05    1.73131e-06    3.5551236e-05    3.14562e-06        -9.13%      3.98%
         860         870       2.3774814e-05    2.30557e-06    2.1397125e-05    3.40443e-06    2.3829340e-05    2.01068e-06       -10.00%      0.23%
         870         880       2.2712441e-05    2.10368e-06    2.0946273e-05    3.09979e-06    2.2712441e-05    2.10368e-06        -7.78%   0.00000%
         880         890       2.1237141e-05    2.18632e-06    1.9390485e-05    3.21631e-06    2.1392548e-05    1.91445e-06        -8.70%      0.73%
         890         900       1.9075816e-05    2.05315e-06    1.7162798e-05    3.01984e-06    1.9252530e-05    1.79818e-06       -10.03%      0.93%
         900         910       1.7744790e-05    1.78529e-06    1.6385909e-05    2.62470e-06    1.7744790e-05    1.78529e-06        -7.66%   0.00000%
         910         920       1.8069260e-05    1.70954e-06    1.7048307e-05    1.20219e-06    1.8069260e-05    1.70954e-06        -5.65%   0.00000%
         920         930       1.6163758e-05    1.69186e-06    1.5166109e-05    1.18481e-06    1.6367982e-05    1.96930e-06        -6.17%      1.26%
         930         940       1.5692105e-05    1.71262e-06    1.4659317e-05    1.19783e-06    1.5855287e-05    1.99571e-06        -6.58%      1.04%
         940         950       1.3304638e-05    1.60854e-06    1.2226377e-05    2.37373e-06    1.3304638e-05    1.60854e-06        -8.10%   0.00000%
         950         960       1.0822172e-05    1.41400e-06    9.2563265e-06    2.09213e-06    1.0957879e-05    1.22945e-06       -14.47%      1.25%
         960         970       1.1875694e-05    1.23223e-06    1.1198338e-05    8.64364e-07    1.1889917e-05    1.43506e-06        -5.70%      0.12%
         970         980       1.2902750e-05    1.30337e-06    1.1703855e-05    9.11852e-07    1.3385260e-05    1.65096e-06        -9.29%      3.74%
         980         990       9.0354500e-06    1.31318e-06    7.8619576e-06    1.94062e-06    9.1591073e-06    1.14136e-06       -12.99%      1.37%
         990        1000       7.7495506e-06    1.16733e-06    6.4964656e-06    1.72936e-06    7.8603340e-06    9.39258e-07       -16.17%      1.43%
