# N3LO+N3LL Mhh cross section per bin in unit of fb at 14TeV
# Bin width is NOT divided
# PDF: MSHT20xNNPDF40_aN3LO_qed, MH=125 GeV
# Mhh(min) Mhh(max) scale=(muR/mu0,muF/mu0):
# Mhh(min) Mhh(max)  (1.,1.)    (2.,1.)    (0.5,1.)    (1.,2.)    (2.,2.)    (1.,0.5)    (0.5,0.5)   
250 270 0.016368258318826805 0.01649402788052301 0.015891220253450286 0.016100793514063842 0.016594243708747895 0.01646088554587796 0.01618852842460092
270 290 0.1299802657312636 0.1294919765017778 0.127913251826326 0.12909351786893128 0.1314175898113543 0.12975782247694626 0.12957499166848646
290 310 0.313998098454749 0.3116744627727482 0.31038147807757754 0.31274086548594426 0.31705786573108397 0.312614617204523 0.3134101989318274
310 330 0.5066732804300613 0.502228233265592 0.5021629441782294 0.505397379412662 0.51137433998473 0.5039356786427854 0.5063128558015256
330 350 0.6775039606251837 0.6710013648166964 0.6726755650386961 0.6764191525252327 0.6834447594222143 0.673533950162883 0.6776400732933374
350 370 0.814949872174934 0.8069610171294587 0.8096908598671354 0.8141956762780997 0.8220445132464567 0.809777627817575 0.8150730008358588
370 390 0.9189171784107203 0.909840856634061 0.9136807629570308 0.9185560870850777 0.9268262574959663 0.9128501100898064 0.9190696518197481
390 410 0.9929271234871974 0.983016904382485 0.9879578978549212 0.9928520822198033 1.001267369986833 0.9863182745765628 0.9934398344472166
410 430 1.041566394724526 1.0310931202866538 1.036947070197661 1.041806431822078 1.0501451385905527 1.0344268620730068 1.0422875307497403
430 450 1.0691110234673198 1.0584219147038147 1.0647943301283973 1.069687517451202 1.0778845129792898 1.0616890940493806 1.0698271587730803
450 470 1.0805397711403812 1.0697094795902164 1.076764778649532 1.0813403297518438 1.0892256129887985 1.0730235012570617 1.081579541431733
470 490 1.0794523722027891 1.0685043709546356 1.0763827617390742 1.0804033251311154 1.08782288617665 1.0719986296913062 1.0811093707899138
490 510 1.0673967322702307 1.0568328907224895 1.0643175933220432 1.06861711163022 1.0758844462616122 1.0599240433039905 1.06858843732305
510 530 1.0488459693959995 1.038442513870531 1.0462731970349113 1.0501876171984645 1.057020335430069 1.041485557731052 1.0502812108619357
530 550 1.024170911004319 1.0142015553873258 1.0216835051341207 1.0256352589011113 1.0322730659476786 1.0169192951531116 1.0254006188173557
550 570 0.9964205335761618 0.9866409155947982 0.994527635499707 0.9979808828005946 1.0041148203607746 0.9893992431418399 0.9980708766885322
570 590 0.9649706883856806 0.9557385722589998 0.9630501013292909 0.9666785073903027 0.9726296804015907 0.9580879828432546 0.966159560117611
590 610 0.9326794613555025 0.9237337911009025 0.9311774481180433 0.9344169469841318 0.9399462931368398 0.9260896456590436 0.9341472662149941
610 630 0.8988029000318776 0.890319913376305 0.8973952432731441 0.9005160185134156 0.9058533104254631 0.8925046474403701 0.9002177621904031
630 650 0.8648041480258214 0.8567013368363267 0.8636031203759377 0.8666100066613763 0.8716103389513443 0.8586515029077725 0.8660846535094039
650 670 0.8304804532426386 0.822863671976741 0.8292557027363852 0.8323303366230254 0.8371576572453083 0.8245496435237673 0.8315198418305112
670 690 0.7969085789892767 0.7896219770350464 0.7959224420601752 0.7987536220797187 0.8032947961570676 0.7912237740769579 0.7980013324258208
690 710 0.7640143790229849 0.7570173749642315 0.7632932639852906 0.7658549279041932 0.7700757776692045 0.7585615343245087 0.7651971659923258
710 730 0.7317537977828781 0.7250961431136164 0.7311771841202639 0.733555780780912 0.7375539476798267 0.7265731643492229 0.7329900443947397
730 750 0.7001367128238136 0.6938838180201711 0.699558169986546 0.7019618517184261 0.705795962989445 0.6951222790140466 0.7011498676481438
750 770 0.6697758896287875 0.6638257831591579 0.6693100837776801 0.6715708053894893 0.6751993591587333 0.6649811669136801 0.6707944629504121
770 790 0.6404966377317874 0.6348335623541097 0.6401475320911645 0.6422540742504668 0.6456786574722976 0.635919733603216 0.6415377822350271
790 810 0.6124435122371034 0.6070062988670003 0.6122783912095359 0.6141483653299766 0.617335929508122 0.6081007978865925 0.6135961218597407
810 830 0.5851147653408028 0.5800164058580827 0.5849294472435483 0.5868136775594501 0.5898900242120085 0.5809402356843849 0.5861104067851742
830 850 0.5589454250034913 0.5541612679178578 0.558722556032982 0.5606100486460679 0.5635885245221371 0.5549595436457652 0.5598295347382427
850 900 1.2904660678329067 1.2795860984408904 1.290109093883152 1.2945758647488061 1.301394008463248 1.2811535677340364 1.2923442630314943
900 950 1.151035530324465 1.14151624947418 1.1509025393965233 1.154867061634091 1.160918408091007 1.1427577915089107 1.1527925073436958
950 1000 1.026828236581184 1.018552381250188 1.0268006462510968 1.0304351451639895 1.0358551782196117 1.0194246627433632 1.0283504768891787
1000 1050 0.9169890522855735 0.909637421334178 0.9172789552036891 0.920344270065292 0.925087394389266 0.9103925468004318 0.9185608434010766
1050 1100 0.8188266988888002 0.8124792023994805 0.8190042946683473 0.8220150274874335 0.8263452266373913 0.8128624990393675 0.8200135804055161
1100 1150 0.7324834964942282 0.7268264964607912 0.7328706407649891 0.7353828109862764 0.7392246205870515 0.7272099443613479 0.7337961483264296
1150 1200 0.6551638471719251 0.6503289071605782 0.6553766048128343 0.6579513210891815 0.66152520930176 0.6503606978474075 0.6560541453181299
1200 1250 0.5866024132723321 0.5825084226857727 0.5865437674741687 0.5892263364923923 0.5926139190253847 0.5822346669165953 0.5870601111450464
1250 1300 0.5267508120824499 0.5229688042044082 0.5270512184104015 0.5291534603756191 0.5320495214984132 0.5228792925583444 0.5275403545478862
1300 1350 0.47271587865961434 0.46948324978948075 0.47285246182400886 0.47495730925486257 0.477692891516219 0.46921923282919176 0.47321516984153905
1350 1400 0.42511392359225175 0.42219749530726514 0.4253777426968964 0.42721655471897724 0.4296333270840958 0.42193972009972974 0.4256763869779989
1400 1450 0.38258503218064727 0.38000334828549276 0.38283971515608356 0.38450187570804956 0.3867174920850802 0.3797332556598036 0.38312369993246714
1450 1500 0.3444602751499377 0.3422234331484024 0.3446542258669687 0.34625689802681103 0.3483371939942817 0.34187472023142096 0.3448592239854509
1500 15000 3.3860891038914067 3.370455278681436 3.385579794678739 3.4123511323166538 3.439769278842105 3.3568781530472247 3.3842223246562337
