#  left-edge  right-edge       scale-central  central-error        scale-min      min-error        scale-max      max-error      rel-down     rel-up
           0          10         0.013399422    0.000535536      0.010507507    0.000388307      0.017508558    0.000751971       -21.58%     30.67%
          10          20         0.031678530    0.000513536      0.025372002    0.000373092      0.040416160    0.000718823       -19.91%     27.58%
          20          30         0.046562410    0.000650372      0.037857904    0.000470698      0.058368093    0.000913842       -18.69%     25.35%
          30          40         0.061325283    0.000403499      0.050320974    0.000293704      0.076019101    0.000562953       -17.94%     23.96%
          40          50         0.076080720    0.000800670      0.062942437    0.000581930      0.093361097     0.00111753       -17.27%     22.71%
          50          60         0.091594084    0.000659996      0.076235330    0.000480716       0.11154257    0.000918979       -16.77%     21.78%
          60          70          0.10749497    0.000436118      0.089911549    0.000317970       0.13007914    0.000607618       -16.36%     21.01%
          70          80          0.12408740    0.000792755       0.10421407    0.000577206       0.14935284     0.00110400       -16.02%     20.36%
          80          90          0.14025107    0.000518573       0.11827215    0.000377535       0.16788574    0.000723049       -15.67%     19.70%
          90         100          0.15686792    0.000791967       0.13271639    0.000573772       0.18693315    0.000771354       -15.40%     19.17%
         100         110          0.17273080    0.000519244       0.14674106    0.000376726       0.20466197    0.000726935       -15.05%     18.49%
         110         120          0.18742791    0.000610401       0.16003458    0.000635970       0.22049806    0.000854357       -14.62%     17.64%
         120         130          0.19151955    0.000493943       0.16550065    0.000353264       0.22157122    0.000703648       -13.59%     15.69%
         130         140          0.18207798    0.000200554       0.15937205    0.000145369       0.20674798    0.000289368       -12.47%     13.55%
         140         150          0.16600098    0.000437208       0.14687254    0.000319419       0.18543357    0.000609721       -11.52%     11.71%
         150         160          0.14747391    0.000714064       0.13165072    0.000521865       0.16241244    0.000989420       -10.73%     10.13%
         160         170          0.12873115    0.000786876       0.11576953    0.000574141       0.14005060     0.00109058       -10.07%      8.79%
         170         180          0.11039430    0.000753762      0.099954729    0.000545411       0.11870642     0.00105602        -9.46%      7.53%
         180         190         0.093855297    0.000977754      0.085483762    0.000707839      0.099868673     0.00136638        -8.92%      6.41%
         190         200         0.079190422     0.00102328      0.072512732    0.000738332      0.083495285     0.00137707        -8.43%      5.44%
         200         210         0.066623488    0.000722509      0.061262273    0.000521039      0.069826640    0.000970757        -8.05%      4.81%
         210         220         0.055936945    0.000826765      0.051600295    0.000595185      0.058340768     0.00110916        -7.75%      4.30%
         220         230         0.046722787    0.000345170      0.043244644    0.000248467      0.048487444    0.000461967        -7.44%      3.78%
         230         240         0.038897435    0.000516941      0.036138667    0.000370260      0.040162264    0.000690531        -7.09%      3.25%
         240         250         0.032436347    0.000622295      0.030237082    0.000446368      0.033331295    0.000829742        -6.78%      2.76%
         250         260         0.027069762    0.000379193      0.025307892    0.000271680      0.027708517    0.000504948        -6.51%      2.36%
         260         270         0.022799901    0.000310116      0.021315774    0.000222346      0.023309933    0.000412502        -6.51%      2.24%
         270         280         0.019121537    0.000382773      0.017906196    0.000274091      0.019498065    0.000508378        -6.36%      1.97%
         280         290         0.015928821    0.000337342      0.014972192    0.000240511      0.016161563    0.000447297        -6.01%      1.46%
         290         300         0.013444442    0.000302003      0.012645955    0.000215406      0.013624414    0.000399792        -5.94%      1.34%
         300         310         0.011385373    0.000176968      0.010721630    0.000126268      0.011517094    0.000234070        -5.83%      1.16%
         310         320        0.0095890724    0.000219413     0.0090395701    0.000156332     0.0096820518    0.000289727        -5.73%      0.97%
         320         330        0.0081451929    0.000144982     0.0076897362    0.000103003     0.0082111019    0.000191281        -5.59%      0.81%
         330         340        0.0069579037    0.000110307     0.0065665215    7.83274e-05     0.0070181900    0.000145363        -5.63%      0.87%
         340         350        0.0059574163    0.000110287     0.0056231450    7.81621e-05     0.0060046117    0.000145347        -5.61%      0.79%
         350         360        0.0050528862    8.47407e-05     0.0047788881    6.02948e-05     0.0050774282    0.000111379        -5.42%      0.49%
         360         370        0.0043223594    0.000107108     0.0040968184    7.60395e-05     0.0043343339    0.000115165        -5.22%      0.28%
         370         380        0.0037057433    5.67994e-05     0.0035133721    4.01492e-05     0.0037145463    6.19357e-05        -5.19%      0.24%
         380         390        0.0032474119    5.14714e-05     0.0030643369    3.63016e-05     0.0032646341    5.61287e-05        -5.64%      0.53%
         390         400        0.0027911168    4.83873e-05     0.0026382279    4.37464e-05     0.0028020927    6.32949e-05        -5.48%      0.39%
         400         410        0.0024421515    2.12793e-05     0.0023068919    1.51125e-05     0.0024524655    2.40591e-05        -5.54%      0.42%
         410         420        0.0020963765    2.12202e-05     0.0019831452    1.50731e-05     0.0021067976    2.37799e-05        -5.40%      0.50%
         420         430        0.0018241671    5.05394e-05     0.0017254851    3.55493e-05     0.0018313188    5.49938e-05        -5.41%      0.39%
         430         440        0.0016152115    3.27129e-05     0.0015282353    2.30889e-05     0.0016194943    4.26758e-05        -5.38%      0.27%
         440         450        0.0014014122    3.11668e-05     0.0013264115    2.19001e-05     0.0014056472    3.41804e-05        -5.35%      0.30%
         450         460        0.0012350003    1.49082e-05     0.0011687246    1.05804e-05     0.0012379747    1.68959e-05        -5.37%      0.24%
         460         470        0.0010820566    2.53167e-05     0.0010245378    1.78087e-05     0.0010841842    2.78395e-05        -5.32%      0.20%
         470         480       0.00095354782    2.21296e-05    0.00090116616    1.56076e-05    0.00095672230    2.41862e-05        -5.49%      0.33%
         480         490       0.00085057481    1.69463e-05    0.00080391599    1.18917e-05    0.00085304752    2.20076e-05        -5.49%      0.29%
         490         500       0.00073564381    1.52567e-05    0.00069849895    1.07450e-05    0.00073614270    1.68673e-05        -5.05%      0.07%
         500         510       0.00066486435    1.00990e-05    0.00062862804    7.10345e-06    0.00066632248    1.30606e-05        -5.45%      0.22%
         510         520       0.00057499191    9.45528e-06    0.00054439442    6.71513e-06    0.00057731264    9.13503e-06        -5.32%      0.40%
         520         530       0.00051652661    1.13251e-05    0.00048780219    7.99077e-06    0.00051871629    1.26655e-05        -5.56%      0.42%
         530         540       0.00045760215    9.24782e-06    0.00043417583    6.51776e-06    0.00045776465    1.04449e-05        -5.12%      0.04%
         540         550       0.00042148592    8.85641e-06    0.00039622365    6.27163e-06    0.00042387513    9.99473e-06        -5.99%      0.57%
         550         560       0.00036531989    8.24839e-06    0.00034547714    5.80063e-06    0.00036693974    9.34010e-06        -5.43%      0.44%
         560         570       0.00032356062    1.02844e-05    0.00030669826    7.16656e-06    0.00032414122    1.14980e-05        -5.21%      0.18%
         570         580       0.00030473536    5.13639e-06    0.00028618027    3.64720e-06    0.00030787025    6.62024e-06        -6.09%      1.03%
         580         590       0.00026922152    5.12232e-06    0.00025408061    3.62931e-06    0.00027077743    6.03547e-06        -5.62%      0.58%
         590         600       0.00024651454    4.30678e-06    0.00023200822    3.07362e-06    0.00024759293    5.39960e-06        -5.88%      0.44%
         600         610       0.00022229810    4.43293e-06    0.00020901368    3.14708e-06    0.00022448621    5.71147e-06        -5.98%      0.98%
         610         620       0.00018813912    7.47383e-06    0.00017541284    1.07951e-05    0.00018815150    6.63210e-06        -6.76%     0.007%
         620         630       0.00017273641    5.28392e-06    0.00016301762    7.86715e-06    0.00017288115    4.64496e-06        -5.63%      0.08%
         630         640       0.00015949842    4.49412e-06    0.00015062276    3.17117e-06    0.00016018937    5.78169e-06        -5.56%      0.43%
         640         650       0.00014314759    3.35219e-06    0.00013565977    2.39388e-06    0.00014314759    3.35219e-06        -5.23%   0.00000%
         650         660       0.00012757187    3.71047e-06    0.00011972644    5.77879e-06    0.00012775427    3.25462e-06        -6.15%      0.14%
         660         670       0.00011615460    5.21052e-06    0.00010989949    3.61710e-06    0.00011615460    5.21052e-06        -5.39%   0.00000%
         670         680       0.00010724044    3.03138e-06    0.00010093993    2.17294e-06    0.00010758830    3.70730e-06        -5.88%      0.32%
         680         690       9.5117268e-05    2.88089e-06    8.9671574e-05    2.05502e-06    9.5358911e-05    3.51632e-06        -5.73%      0.25%
         690         700       8.7985747e-05    3.36207e-06    8.0753484e-05    5.13880e-06    8.8687113e-05    2.94381e-06        -8.22%      0.80%
         700         710       8.0387939e-05    3.13387e-06    7.5398179e-05    2.20196e-06    8.1041332e-05    4.01652e-06        -6.21%      0.81%
         710         720       7.1513785e-05    2.22334e-06    6.7776546e-05    1.58562e-06    7.1635203e-05    2.89558e-06        -5.23%      0.17%
         720         730       6.1669633e-05    2.74966e-06    5.6757531e-05    4.66964e-06    6.1742957e-05    2.40312e-06        -7.97%      0.12%
         730         740       5.7419240e-05    2.88885e-06    5.3340505e-05    4.30364e-06    5.7419240e-05    2.88885e-06        -7.10%   0.00000%
         740         750       5.5262396e-05    2.21029e-06    5.1389784e-05    1.55168e-06    5.6060577e-05    2.82881e-06        -7.01%      1.44%
         750         760       4.9457209e-05    2.16405e-06    4.5492582e-05    3.34286e-06    4.9853279e-05    1.87906e-06        -8.02%      0.80%
         760         770       4.5974491e-05    1.63533e-06    4.2080627e-05    2.65892e-06    4.6368237e-05    1.41710e-06        -8.47%      0.86%
         770         780       3.9989862e-05    1.78859e-06    3.7133724e-05    2.76377e-06    3.9989862e-05    1.78859e-06        -7.14%   0.00000%
         780         790       3.8310494e-05    1.83606e-06    3.6151073e-05    1.28305e-06    3.8337890e-05    2.34682e-06        -5.64%      0.07%
         790         800       3.3702046e-05    1.79843e-06    3.1284948e-05    2.75978e-06    3.3702046e-05    1.79843e-06        -7.17%   0.00000%
         800         810       3.3378346e-05    1.09815e-06    3.1292495e-05    7.98282e-07    3.3778071e-05    1.41648e-06        -6.25%      1.20%
         810         820       2.9776142e-05    1.30662e-06    2.8046476e-05    9.36177e-07    2.9780734e-05    1.67719e-06        -5.81%      0.02%
         820         830       2.7089974e-05    1.29958e-06    2.5209234e-05    2.15015e-06    2.7089974e-05    1.29958e-06        -6.94%   0.00000%
         830         840       2.3604582e-05    1.65969e-06    2.1950642e-05    2.60069e-06    2.3654969e-05    2.01106e-06        -7.01%      0.21%
         840         850       2.3288806e-05    1.56131e-06    2.1188710e-05    1.10373e-06    2.4353059e-05    1.88574e-06        -9.02%      4.57%
         850         860       2.2133905e-05    1.18610e-06    2.0725126e-05    8.56666e-07    2.2224969e-05    1.51586e-06        -6.36%      0.41%
         860         870       1.7875668e-05    1.23811e-06    1.5993418e-05    2.00333e-06    1.7880965e-05    1.00747e-06       -10.53%      0.03%
         870         880       1.8965964e-05    9.16080e-07    1.7692023e-05    6.64576e-07    1.9358463e-05    1.18670e-06        -6.72%      2.07%
         880         890       1.6891414e-05    1.05029e-06    1.5349076e-05    1.71340e-06    1.6907361e-05    9.09671e-07        -9.13%      0.09%
         890         900       1.4344098e-05    1.04249e-06    1.2854283e-05    1.68733e-06    1.4352303e-05    8.99061e-07       -10.39%      0.06%
         900         910       1.4462252e-05    7.55951e-07    1.3512509e-05    5.52280e-07    1.4583533e-05    9.79898e-07        -6.57%      0.84%
         910         920       1.3049353e-05    8.80162e-07    1.1861207e-05    6.24829e-07    1.3537554e-05    1.12317e-06        -9.11%      3.74%
         920         930       1.2987173e-05    6.86987e-07    1.1999290e-05    4.91109e-07    1.3399739e-05    8.87586e-07        -7.61%      3.18%
         930         940       9.8171463e-06    7.55408e-07    8.2089102e-06    1.28865e-06    1.0099346e-05    6.44014e-07       -16.38%      2.87%
         940         950       1.0845103e-05    6.38281e-07    9.9587183e-06    4.59101e-07    1.1160536e-05    7.20508e-07        -8.17%      2.91%
         950         960       9.6378424e-06    5.11940e-07    8.8520776e-06    9.46893e-07    9.7299654e-06    4.33100e-07        -8.15%      0.96%
         960         970       8.0108050e-06    7.49069e-07    7.1808013e-06    1.19029e-06    8.0610762e-06    6.40666e-07       -10.36%      0.63%
         970         980       8.5145338e-06    4.85123e-07    7.9115262e-06    3.73309e-07    8.6197398e-06    6.24538e-07        -7.08%      1.24%
         980         990       7.4045606e-06    4.88285e-07    6.8503442e-06    8.30599e-07    7.4045606e-06    4.88285e-07        -7.48%   0.00000%
         990        1000       6.5424296e-06    6.02590e-07    6.0711310e-06    4.22930e-07    6.6227987e-06    7.35700e-07        -7.20%      1.23%
