#  left-edge  right-edge       scale-central  central-error        scale-min      min-error        scale-max      max-error      rel-down     rel-up
           0          10        0.0014854171     0.00174995    0.00045348673     0.00112679     0.0043151466     0.00283706       -69.47%    190.50%
          10          20       0.00057460147     0.00111364    4.2155601e-05     0.00154629     0.0016297197    0.000762094       -92.66%    183.63%
          20          30        0.0075317973     0.00118324     0.0060552942     0.00184054     0.0089791860    0.000788614       -19.60%     19.22%
          30          40         0.019880782     0.00175834      0.019176750     0.00279706      0.020615655     0.00108489        -3.54%      3.70%
          40          50         0.029913378     0.00145026      0.028218635     0.00211856      0.031027279    0.000953270        -5.67%      3.72%
          50          60         0.044756653     0.00162411      0.043950143     0.00224218      0.044994959     0.00150238        -1.80%      0.53%
          60          70         0.061451003     0.00288314      0.060164237     0.00188736      0.061962227     0.00494457        -2.09%      0.83%
          70          80         0.075486867     0.00219311      0.074005589     0.00146177      0.075862686     0.00200926        -1.96%      0.50%
          80          90         0.094962949     0.00173855      0.091926110     0.00127710      0.096684601     0.00261690        -3.20%      1.81%
          90         100          0.11316437     0.00256371       0.10848323     0.00137863       0.11551542     0.00438186        -4.14%      2.08%
         100         110          0.13184559     0.00184228       0.12677741     0.00123730       0.13490340     0.00285968        -3.84%      2.32%
         110         120          0.14670776     0.00269022       0.14185006     0.00183311       0.14855952     0.00414011        -3.31%      1.26%
         120         130          0.17018280     0.00204823       0.16341483     0.00144302       0.17413892     0.00285520        -3.98%      2.32%
         130         140          0.18524488     0.00199731       0.17792436     0.00141963       0.18789199     0.00274110        -3.95%      1.43%
         140         150          0.19509859     0.00202414       0.18611046     0.00142431       0.19891186     0.00284804        -4.61%      1.95%
         150         160          0.19131486     0.00200056       0.18252533     0.00140651       0.19429018     0.00279705        -4.59%      1.56%
         160         170          0.18324413     0.00234182       0.17421266     0.00155940       0.18637122     0.00349295        -4.93%      1.71%
         170         180          0.16918178     0.00205857       0.16082535     0.00138648       0.17155585     0.00348599        -4.94%      1.40%
         180         190          0.15751053     0.00229725       0.14843669     0.00147253       0.16053658     0.00413275        -5.76%      1.92%
         190         200          0.14210654     0.00245086       0.13340645     0.00151354       0.14602226     0.00377820        -6.12%      2.76%
         200         210          0.12611828     0.00172427       0.11791804     0.00109336       0.12959387     0.00228809        -6.50%      2.76%
         210         220          0.10931725     0.00245088       0.10260564     0.00147434       0.11188661     0.00382393        -6.14%      2.35%
         220         230         0.096152679     0.00214430      0.089815638     0.00129637      0.099001920     0.00332087        -6.59%      2.96%
         230         240         0.085037379     0.00130465      0.079166998    0.000731764      0.088211075     0.00199949        -6.90%      3.73%
         240         250         0.072375042     0.00169095      0.067280669     0.00100899      0.074806879     0.00262489        -7.04%      3.36%
         250         260         0.062703554    0.000896002      0.057989339    0.000573483      0.065214352     0.00119733        -7.52%      4.00%
         260         270         0.056004852    0.000942173      0.051192822    0.000558206      0.059010323     0.00146947        -8.59%      5.37%
         270         280         0.046657064    0.000808103      0.043096772    0.000434449      0.048661499     0.00126132        -7.63%      4.30%
         280         290         0.040727926    0.000540955      0.037306426    0.000362303      0.042723574    0.000766628        -8.40%      4.90%
         290         300         0.034233277    0.000499431      0.031467702    0.000332660      0.035593201    0.000810492        -8.08%      3.97%
         300         310         0.029893347    0.000480215      0.027327138    0.000313199      0.031382219    0.000696844        -8.58%      4.98%
         310         320         0.025831898    0.000583320      0.023606870    0.000354702      0.027099143    0.000889053        -8.61%      4.91%
         320         330         0.022154307    0.000339818      0.020265992    0.000215944      0.023301051    0.000489420        -8.52%      5.18%
         330         340         0.018949924    0.000272855      0.017282929    0.000186981      0.019969153    0.000375181        -8.80%      5.38%
         340         350         0.016419199    0.000286403      0.014950725    0.000184727      0.017287518    0.000413355        -8.94%      5.29%
         350         360         0.014112843    0.000230742      0.012830793    0.000146067      0.014890464    0.000341706        -9.08%      5.51%
         360         370         0.012043600    0.000211497      0.011017703    0.000135204      0.012617718    0.000300458        -8.52%      4.77%
         370         380         0.010809366    0.000172722     0.0097729449    0.000116917      0.011468261    0.000238927        -9.59%      6.10%
         380         390        0.0088929079    0.000168322     0.0081261259    0.000107615     0.0093237742    0.000242144        -8.62%      4.85%
         390         400        0.0078579879    0.000145209     0.0071663659    9.86583e-05     0.0082227156    0.000199103        -8.80%      4.64%
         400         410        0.0068240654    0.000144577     0.0062280979    9.27479e-05     0.0071404537    0.000209165        -8.73%      4.64%
         410         420        0.0060822941    0.000131576     0.0055554157    7.85627e-05     0.0064114511    0.000191038        -8.66%      5.41%
         420         430        0.0052477378    0.000104316     0.0047744485    7.08659e-05     0.0055192223    0.000142799        -9.02%      5.17%
         430         440        0.0046671723    8.84805e-05     0.0042231055    6.13893e-05     0.0049371709    0.000118904        -9.51%      5.79%
         440         450        0.0040788951    8.49159e-05     0.0036897136    5.49274e-05     0.0043198625    0.000120445        -9.54%      5.91%
         450         460        0.0035668650    8.91745e-05     0.0032367197    5.68658e-05     0.0037510014    0.000130440        -9.26%      5.16%
         460         470        0.0030392643    7.01115e-05     0.0027776667    4.72761e-05     0.0031775685    9.62726e-05        -8.61%      4.55%
         470         480        0.0027672084    6.42509e-05     0.0025052350    4.15756e-05     0.0029170977    9.26175e-05        -9.47%      5.42%
         480         490        0.0023075375    6.53623e-05     0.0021185126    4.26603e-05     0.0023945763    9.29067e-05        -8.19%      3.77%
         490         500        0.0023077345    5.02368e-05     0.0020561286    3.30362e-05     0.0025034775    8.14857e-05       -10.90%      8.48%
         500         510        0.0018137563    4.99687e-05     0.0016622961    3.23245e-05     0.0018871866    7.06188e-05        -8.35%      4.05%
         510         520        0.0016794657    4.30649e-05     0.0015291641    3.00509e-05     0.0017622110    5.86013e-05        -8.95%      4.93%
         520         530        0.0015212564    3.83085e-05     0.0013763043    2.63108e-05     0.0016020855    5.29147e-05        -9.53%      5.31%
         530         540        0.0013281933    3.65812e-05     0.0012046659    2.47378e-05     0.0013969033    4.99618e-05        -9.30%      5.17%
         540         550        0.0011986069    3.29633e-05     0.0010824545    2.17564e-05     0.0012660597    4.60661e-05        -9.69%      5.63%
         550         560        0.0011302755    3.07981e-05     0.0010116900    2.12564e-05     0.0012052754    4.06677e-05       -10.49%      6.64%
         560         570       0.00090654726    3.00638e-05    0.00083115350    2.00631e-05    0.00094200675    4.19424e-05        -8.32%      3.91%
         570         580       0.00087648114    2.51997e-05    0.00078810823    1.68781e-05    0.00093449610    4.03946e-05       -10.08%      6.62%
         580         590       0.00073115178    3.67547e-05    0.00067184971    2.65714e-05    0.00075945920    4.86731e-05        -8.11%      3.87%
         590         600       0.00069270902    3.76212e-05    0.00063200208    2.52478e-05    0.00072431376    5.03519e-05        -8.76%      4.56%
         600         610       0.00063007506    3.17608e-05    0.00057185785    1.98174e-05    0.00066391710    4.57874e-05        -9.24%      5.37%
         610         620       0.00053695838    2.21222e-05    0.00049448543    1.51075e-05    0.00055516284    3.01126e-05        -7.91%      3.39%
         620         630       0.00051342541    1.84521e-05    0.00046239840    1.28041e-05    0.00054483371    2.49647e-05        -9.94%      6.12%
         630         640       0.00046439416    1.74224e-05    0.00041924773    1.19210e-05    0.00049011194    2.36215e-05        -9.72%      5.54%
         640         650       0.00039575821    1.86403e-05    0.00036516253    1.14031e-05    0.00041116079    2.46712e-05        -7.73%      3.89%
         650         660       0.00038907970    1.40993e-05    0.00034795496    9.47853e-06    0.00041865769    2.25639e-05       -10.57%      7.60%
         660         670       0.00031703012    1.50959e-05    0.00029216870    9.28973e-06    0.00032768825    2.12035e-05        -7.84%      3.36%
         670         680       0.00031907259    1.25118e-05    0.00028569433    8.59495e-06    0.00034375432    1.93639e-05       -10.46%      7.74%
         680         690       0.00027700040    1.17567e-05    0.00025256261    8.78823e-06    0.00029182669    1.57152e-05        -8.82%      5.35%
         690         700       0.00025011294    1.16721e-05    0.00022703036    7.90660e-06    0.00026229192    1.56101e-05        -9.23%      4.87%
         700         710       0.00021834681    1.13598e-05    0.00020010274    7.50141e-06    0.00022282436    1.78964e-05        -8.36%      2.05%
         710         720       0.00021106570    1.02333e-05    0.00019136030    6.91665e-06    0.00022118493    1.39903e-05        -9.34%      4.79%
         720         730       0.00018820792    8.52682e-06    0.00017066614    5.85180e-06    0.00019702573    1.14844e-05        -9.32%      4.69%
         730         740       0.00016405034    8.98807e-06    0.00014996358    6.07994e-06    0.00017040471    1.22562e-05        -8.59%      3.87%
         740         750       0.00015730840    8.21044e-06    0.00014201667    5.40152e-06    0.00016691101    1.11044e-05        -9.72%      6.10%
         750         760       0.00015572602    6.63411e-06    0.00013969181    4.60293e-06    0.00016557639    9.20418e-06       -10.30%      6.33%
         760         770       0.00012442089    6.37271e-06    0.00011488975    4.34607e-06    0.00012938350    8.59596e-06        -7.66%      3.99%
         770         780       0.00012391394    6.18402e-06    0.00011145680    4.17739e-06    0.00012757850    1.10422e-05       -10.05%      2.96%
         780         790       0.00010936446    6.04564e-06    0.00010012174    4.02761e-06    0.00011362288    8.17411e-06        -8.45%      3.89%
         790         800       0.00010347653    5.33275e-06    9.2394899e-05    3.65549e-06    0.00011093450    8.30917e-06       -10.71%      7.21%
         800         810       9.3613295e-05    5.38304e-06    8.4887149e-05    3.54732e-06    9.8698029e-05    7.41388e-06        -9.32%      5.43%
         810         820       8.2022776e-05    5.08765e-06    7.5404214e-05    3.43277e-06    8.4525592e-05    6.89965e-06        -8.07%      3.05%
         820         830       9.1412059e-05    4.57844e-06    8.0223639e-05    3.27404e-06    0.00010266254    7.07225e-06       -12.24%     12.31%
         830         840       6.0698212e-05    4.47394e-06    5.6082867e-05    7.12542e-06    6.1009746e-05    3.89084e-06        -7.60%      0.51%
         840         850       7.3434521e-05    3.76755e-06    6.5327460e-05    2.59218e-06    8.0154501e-05    5.76785e-06       -11.04%      9.15%
         850         860       5.7549342e-05    3.63293e-06    5.2516291e-05    2.56568e-06    5.9875380e-05    4.88644e-06        -8.75%      4.04%
         860         870       5.5950025e-05    3.99406e-06    5.1190001e-05    2.63188e-06    5.7942833e-05    5.44513e-06        -8.51%      3.56%
         870         880       5.3639809e-05    3.87498e-06    4.7910753e-05    2.59387e-06    5.8173121e-05    6.14506e-06       -10.68%      8.45%
         880         890       4.3025719e-05    3.95703e-06    4.0088292e-05    2.62667e-06    4.3590358e-05    4.63172e-06        -6.83%      1.31%
         890         900       4.3479079e-05    3.25722e-06    3.9493535e-05    2.20199e-06    4.5449701e-05    4.40844e-06        -9.17%      4.53%
         900         910       4.2283024e-05    3.19285e-06    3.7910919e-05    2.06898e-06    4.5188840e-05    5.27257e-06       -10.34%      6.87%
         910         920       3.9017623e-05    3.07636e-06    3.4431126e-05    2.03197e-06    4.2313054e-05    4.93949e-06       -11.75%      8.45%
         920         930       3.1620181e-05    2.83988e-06    2.9007021e-05    1.90270e-06    3.2338267e-05    3.83000e-06        -8.26%      2.27%
         930         940       3.1925128e-05    2.42650e-06    2.8845429e-05    1.60614e-06    3.3177007e-05    3.72572e-06        -9.65%      3.92%
         940         950       3.0459665e-05    2.18124e-06    2.6971830e-05    1.49416e-06    3.2897547e-05    3.37092e-06       -11.45%      8.00%
         950         960       2.6593024e-05    1.94659e-06    2.4403465e-05    1.35108e-06    2.7299724e-05    2.52229e-06        -8.23%      2.66%
         960         970       2.3752262e-05    1.92338e-06    2.1594008e-05    1.31236e-06    2.4540747e-05    2.53006e-06        -9.09%      3.32%
         970         980       2.3991216e-05    2.37621e-06    2.1680216e-05    1.54042e-06    2.5359817e-05    3.75377e-06        -9.63%      5.70%
         980         990       2.1545024e-05    2.18183e-06    1.9465789e-05    1.48568e-06    2.2716539e-05    3.36938e-06        -9.65%      5.44%
         990        1000       2.2707171e-05    2.03154e-06    2.0083572e-05    1.38627e-06    2.4570028e-05    3.19500e-06       -11.55%      8.20%
