# N3LO+N3LL Mhh cross section per bin in unit of fb at 13TeV
# Bin width is NOT divided
# PDF: PDF4LHC21_40, MH=125.09 GeV
# Mhh(min) Mhh(max) scale=(muR/mu0,muF/mu0):
# Mhh(min) Mhh(max)  (1.,1.)    (2.,1.)    (0.5,1.)    (1.,2.)    (2.,2.)    (1.,0.5)    (0.5,0.5)   
250 270 0.014549208909361329 0.014653165279943868 0.014091019846275175 0.014318974526832114 0.014734006684623437 0.014632120297727582 0.014421821778350805
270 290 0.11722449367207521 0.11686374450680267 0.11517853172105538 0.11640980789110571 0.11854631140773624 0.11703667407611691 0.11671074114751934
290 310 0.2844615116519412 0.28241466704385526 0.2812738673489087 0.283314609247134 0.28719370895525936 0.28324454333561216 0.28397125351981595
310 330 0.4587734953946299 0.45484398701852674 0.45460287431266094 0.45757470457137783 0.4628866057780248 0.4563265020943343 0.45829162295527887
330 350 0.6124521322875798 0.6067273205092548 0.6080099219033684 0.6113785751830286 0.6176816002865352 0.6088929177889449 0.6124264958268498
350 370 0.7356322210488305 0.7285190852662623 0.731070495644892 0.7349109311410962 0.74174583548112 0.7310868316158967 0.7358008149047353
370 390 0.8277864807772517 0.8196580212523348 0.8232024861135152 0.827364944834222 0.8345636248997113 0.8224378425231659 0.8280529336434892
390 410 0.8925077780072359 0.8836178774236091 0.8881747491990142 0.8923528358004894 0.8996239019076981 0.8866014678553994 0.8930518227722595
410 430 0.9340255068846122 0.9246722115273428 0.930081268135863 0.9341838187885034 0.9413523210487027 0.9277323683104401 0.9347776102079163
430 450 0.9566036839260528 0.9470441204497604 0.9530046158558503 0.957007728525504 0.9640511588510741 0.9500667978811884 0.9574807150766095
450 470 0.9644850750596516 0.9548594889602572 0.9612377413649218 0.9651099517206092 0.971889915207715 0.9578466654180093 0.9654639017647096
470 490 0.960621401199022 0.9511448413146439 0.9576650881270847 0.9614876190707153 0.9680323999265307 0.9539726881295876 0.9616152193794683
490 510 0.9484395269493235 0.9390631425565342 0.945873092619693 0.9494053635089101 0.9556246679019517 0.9418686179067378 0.9496268078218856
510 530 0.9294491984615769 0.9203604378951613 0.9271423180797099 0.9306097730778506 0.9365425356458112 0.9229280892258853 0.930576856820034
530 550 0.9058266361470478 0.8970507846572825 0.90378019307756 0.9070911641620834 0.9127439983716688 0.8994487852957093 0.9069595241676304
550 570 0.8790018473423059 0.870524798728047 0.8772877658549619 0.8803527247781721 0.8856713611757241 0.8728241401672852 0.8802103489832759
570 590 0.8497614328877642 0.841669128839511 0.8481795517357421 0.851210215065875 0.8562684770046511 0.8437229268143034 0.8508224343372847
590 610 0.8192723756326462 0.811539128786721 0.8179057371854896 0.8207799704959766 0.8255665917267229 0.8134435010149053 0.8203166754264526
610 630 0.7882009927532119 0.7807725070474505 0.7871116423870359 0.7897226298737511 0.7941969190339582 0.7826186163730358 0.7894024987687622
630 650 0.756463159001849 0.7494904423146184 0.7553357867659113 0.7580481520353545 0.7623620461611621 0.7510382117264182 0.7573479600853267
650 670 0.7251146053085132 0.7185105325043801 0.7241277298749061 0.7267095691718913 0.7308164164219629 0.7199119411000031 0.7259589639760213
670 690 0.6944331859842584 0.6881241817465833 0.6936229202845666 0.6960289329449458 0.6998752546650594 0.6894417413062275 0.69531269734137
690 710 0.6642427033294026 0.6582614767551989 0.6635618429592158 0.6658417187573629 0.6694754105556835 0.6594714446077155 0.6651126172807563
710 730 0.6348434732591197 0.6291938143418322 0.6342401614738323 0.6364503251536217 0.6399029310890759 0.6302667611488495 0.6356426978396567
730 750 0.6068820495231537 0.6013740705209092 0.6066363141785345 0.6084181511315513 0.6115353939687107 0.6025734069356282 0.6080323158640767
750 770 0.57883859244524 0.5738105951428215 0.5783329070782198 0.5804148058332537 0.5835566443192189 0.5746304384593621 0.5794797515033497
770 790 0.5525647691767075 0.5477651860492339 0.5522207283477831 0.5541104775950143 0.5570370110695309 0.5485655510836955 0.5532891226239455
790 810 0.5274342706241693 0.5228306476734542 0.5272624457209727 0.5289151841830326 0.5316386030904252 0.5236727950970196 0.5283357980686597
810 830 0.5028755096184001 0.49858376885773026 0.5026300254670522 0.5043620030612699 0.5070098605162912 0.49922768764021264 0.5035430969423041
830 850 0.47950137367259144 0.4755000184679847 0.4792214579112463 0.4809772717776279 0.48353643055833684 0.47600638042167065 0.4800348446086464
850 900 1.10419613787428 1.0949711910184161 1.103910933209464 1.107722361080996 1.113450171083073 1.096151320876402 1.1056761306429501
900 950 0.9807458478850427 0.9727050165725722 0.9807000536022558 0.9840827815610892 0.9891287496636871 0.9735762858800109 0.9821117857424257
950 1000 0.8714025842363199 0.8643969754460162 0.8714854905221117 0.8745051622078176 0.8789910881878462 0.8650514611986942 0.8726770830482583
1000 1050 0.7747499369347748 0.7686562153898873 0.7749086806258826 0.7776660904819254 0.7816823598249202 0.769080828330554 0.7758662867765381
1050 1100 0.6893985587205618 0.6840996519101327 0.6895787999368215 0.6921186576927744 0.6957324280337006 0.6843144214887665 0.6903408746349414
1100 1150 0.6142218927915081 0.6095552581876037 0.6144918179412833 0.6167587644706654 0.619970335197778 0.6096716690171793 0.615100444186419
1150 1200 0.5475454874161346 0.5435665390501406 0.5476924129198801 0.5499312512453629 0.5529216654624127 0.5434355891884749 0.548117733255385
1200 1250 0.48874472201985963 0.48530706844564697 0.48882089880335233 0.49096821198472523 0.49370738032202865 0.48502740774685327 0.4891417314199637
1250 1300 0.43676582139313963 0.4337965051590868 0.43679759496767406 0.43886013715026545 0.4413762175232748 0.43339829770301636 0.4369913936098983
1300 1350 0.3911282933752437 0.38845608348927185 0.39129645203800917 0.3930554168738349 0.3952709950802551 0.3881221365302032 0.39146874468665566
1350 1400 0.3504567250406717 0.34811928256336117 0.3505919076429136 0.35224816981670415 0.35427550762836074 0.3477253742494633 0.35071124746408483
1400 1450 0.31430668272844103 0.31229226407968463 0.31441282268138226 0.31597056411099367 0.3178495794389408 0.31186360412527847 0.31449529167059426
1450 1500 0.2821471880013994 0.28039746713245445 0.2821788586770437 0.2837081354588148 0.28545610886387957 0.2799023649641352 0.2821944530882054
1500 15000 2.710200813634862 2.6974549287849534 2.7099708558665343 2.7312068772527542 2.752280024152354 2.686455729708532 2.7084498499127765
