# NNLO Mhh cross section per bin in unit of fb at 13TeV
# Bin width is NOT divided
# PDF: PDF4LHC21_40, MH=125.09 GeV
# Mhh(min) Mhh(max) scale=(muR/mu0,muF/mu0):
# Mhh(min) Mhh(max)  (1.,1.)    (2.,1.)    (0.5,1.)    (1.,2.)    (2.,2.)    (1.,0.5)    (0.5,0.5)   
250 270 0.014934132343763045 0.01404556125408527 0.015438343418775135 0.014939444371524623 0.014016682696165688 0.014987581183980652 0.015432046528419426
270 290 0.11707622472796281 0.10898048316381465 0.12297207602728427 0.11693536634741558 0.10856826901539583 0.1176584254661998 0.12311380825173922
290 310 0.2808819852380908 0.26097201428037226 0.2961221755839139 0.2802708438770139 0.2596372334860281 0.28255983686145025 0.2966015941066808
310 330 0.45098160549915495 0.4189955837241221 0.4759213159917612 0.4496378041077077 0.4163651251072939 0.4540489921940641 0.47682376968978313
330 350 0.6002473233406022 0.5579615804676145 0.633527738702743 0.5980407813795313 0.5538739055271571 0.6047656903923818 0.6348531313746639
350 370 0.7196116123570051 0.6693930139715942 0.7593461056474431 0.7165080099645067 0.6638510455372223 0.7254974317065366 0.7610516785474195
370 390 0.8087798428756935 0.7529204698115439 0.8531257128812396 0.804821879818489 0.7460263808236288 0.8158697784229116 0.8551606697835161
390 410 0.8710054455648406 0.8114803381915732 0.9183616106232554 0.8662699819868405 0.8033895213469159 0.8791024532670041 0.920667390890936
410 430 0.9106240705028752 0.8490488464141176 0.9596933875918592 0.9052134651611341 0.8399419657198918 0.9195373332660877 0.9622052096131962
430 450 0.932018285940056 0.8696408194489491 0.9817855681412182 0.9260390132152395 0.8596972726938001 0.9415668179401754 0.9844684949208137
450 470 0.9390481932512609 0.876821281362226 0.988747565182933 0.9326030901837963 0.8662141780435817 0.9490614000244598 0.9915410019425599
470 490 0.9349149867677026 0.8735681094858748 0.9839324546798996 0.9281104146841224 0.8624597055589832 0.9452486355737341 0.986810193755467
490 510 0.9224084730516358 0.8624475548425781 0.9703511435030927 0.9153360020109772 0.850979322312836 0.9329349699023982 0.9732635403778013
510 530 0.9036703419247231 0.8454473814201273 0.9502423297758591 0.8963982954936097 0.8337347190271537 0.9142862843997783 0.953182735775181
530 550 0.8803956574183032 0.8241595248269633 0.9254055239727021 0.8729969609322416 0.8123082898113733 0.8910195035980101 0.9283407511186411
550 570 0.8539112395617264 0.7998214131779722 0.8972134110190904 0.84644351433954 0.7879245772940633 0.8644702929649072 0.9001267982057549
570 590 0.8253419707116241 0.773473631302911 0.8668820311030022 0.817854397981103 0.7615968135171086 0.8357886774624979 0.8697665015338096
590 610 0.7954728877709892 0.7458659360572903 0.8352195410410157 0.7880105086978044 0.734074074703281 0.8057591410714269 0.8380645625181934
610 630 0.7649093254741788 0.7175617496558248 0.8028569477258932 0.7574975485205465 0.7059056197155684 0.7749950658570841 0.8056514601786527
630 650 0.7342016706049824 0.6890704410355176 0.7703801765202494 0.7268700285287781 0.6775851683602504 0.7440610593962244 0.7731197526132558
650 670 0.7036362955607073 0.6606869264568941 0.7380736944275016 0.6964182044875329 0.6494109813440728 0.713251863985511 0.7407418966370618
670 690 0.6735811692055564 0.6327311820108635 0.7063502782259494 0.6664813465735357 0.6216849095688955 0.6829363288174656 0.7089665853721895
690 710 0.6441327854363493 0.605324432112553 0.6752743949149275 0.6371837566644811 0.594534218179744 0.6532178061616956 0.6778098793008602
710 730 0.6155251969676987 0.5786675401080291 0.6451040881640481 0.608732435268665 0.5681509177983225 0.6243316132544263 0.6475772383817585
730 750 0.5878154583733236 0.5528269759551071 0.6159015369938442 0.5811821987826402 0.5425843026743804 0.596339499806934 0.6182924079326593
750 770 0.561075830546136 0.5278744655827836 0.5877349926174159 0.5546152173960759 0.5179209379172991 0.5693165890754758 0.5900481636953623
770 790 0.535361292394477 0.5038569990331594 0.5606657117516042 0.5290745807367875 0.4941929788084505 0.5433193488596892 0.5629079182885759
790 810 0.5107070685041458 0.4808116438348283 0.5347334852647052 0.5045925191816686 0.47143545626440764 0.5183918287796236 0.5369104884689647
810 830 0.4870224185199411 0.4586699613698522 0.5098059973858492 0.48108914601536457 0.4495929058279322 0.49443119317076323 0.5119053263400719
830 850 0.46444829672522353 0.4375395680225322 0.48608425882908834 0.4586883649565285 0.42874617004761095 0.4715887946683105 0.488119313283608
850 900 1.0687575699939287 1.0073539715786095 1.118149272626816 1.0551274310783927 0.9866187121884393 1.085479091562846 1.122931464154824
900 950 0.9487404996486118 0.8948601672539888 0.9921196825756808 0.9361772976099649 0.8758361657690713 0.9639378081600865 0.9965123117914414
950 1000 0.8425586498203537 0.7952121849055565 0.8807060231865556 0.8310161108152082 0.7778091439812803 0.8563450104483459 0.8847193152945112
1000 1050 0.7487758483743924 0.7071266012073117 0.7823514696264914 0.7382057276620538 0.6912378178788142 0.7612749544366219 0.7860248870481062
1050 1100 0.6660614593796446 0.6293497233104527 0.6956856575269028 0.6563816422871042 0.6148558891338446 0.6773778540512984 0.6990332442264668
1100 1150 0.5930785948786013 0.5606833135347123 0.6192338967852797 0.5842300151032025 0.5474723569551143 0.6033200168676197 0.6222806852681724
1150 1200 0.5287429290129395 0.500094539065651 0.5518968441729917 0.5206466518439731 0.48805231869453714 0.538019794136205 0.5546804493701317
1200 1250 0.4719007846327371 0.4465374419540845 0.49241506741364216 0.46450324775121027 0.4355617427064462 0.480294156239593 0.4949515148630523
1250 1300 0.4216774250893319 0.39917871114377307 0.4398883535412248 0.41491591496039176 0.38918017109418784 0.42928061155200425 0.4421978620633539
1300 1350 0.37725981762680183 0.35726955878700745 0.3934540310991084 0.37107700725621506 0.34815462821929816 0.38415508135815124 0.3955709188382119
1350 1400 0.3379337375331849 0.3201377961902451 0.3523655040240871 0.3322821296736423 0.3118295276889421 0.3441885898410154 0.3543017389509417
1400 1450 0.30303596638173297 0.2871756582724852 0.315915414855207 0.297871389504835 0.27960369213771735 0.30871677948339565 0.3176879495959379
1450 1500 0.27202379043791136 0.2578730921918338 0.2835222358653672 0.2673082851697319 0.25096993020210223 0.2771838646350412 0.2851435022606398
1500 15000 2.601980389601026 2.4722144373332102 2.7084016575809096 2.5487159619702537 2.3961402793420614 2.65694176507249 2.727018460086675
