# N3LO+N3LL Mhh cross section per bin in unit of fb at 13TeV
# Bin width is NOT divided
# PDF: PDF4LHC21_40, MH=125.38 GeV
# Mhh(min) Mhh(max) scale=(muR/mu0,muF/mu0):
# Mhh(min) Mhh(max)  (1.,1.)    (2.,1.)    (0.5,1.)    (1.,2.)    (2.,2.)    (1.,0.5)    (0.5,0.5)   
250 270 0.013015365413733456 0.013128876938739374 0.012558263968070285 0.012796351850598272 0.01320253215086747 0.013099134918180225 0.012846174732252547
270 290 0.11220634564298462 0.11182459217138109 0.11026499365265875 0.11139672408475977 0.11345625829601858 0.11195603973220049 0.1116305703976788
290 310 0.27744501782146125 0.2754339611392517 0.2742860670740098 0.2762862562732842 0.2800514086286245 0.2762823230865324 0.2769622307245618
310 330 0.4512968050370171 0.447355820304507 0.4473084190765581 0.45008964873506563 0.45524570018810645 0.4489632418423958 0.45111766514562623
330 350 0.6054447446472211 0.5996085807467 0.6014723770831171 0.6043771278022944 0.6103653119317113 0.6019861789160954 0.6058534871165764
350 370 0.7281905702556549 0.7212411227056171 0.7234184595215124 0.7275108156075683 0.7344015187572515 0.7235715000620433 0.7279710356649672
370 390 0.8214270890716874 0.813304304335905 0.8169440311808124 0.8209458910035637 0.8280704095950858 0.8161178305901349 0.8217805155525075
390 410 0.886521995974115 0.8777726624425012 0.8821356298546575 0.8863840221000676 0.8936932864055556 0.880611628187511 0.8868618008975782
410 430 0.9287982756043769 0.9195143050403473 0.9248581077978123 0.9288956952279529 0.9360873486139535 0.9226099696396171 0.9296257454063839
430 450 0.951749805576595 0.9423499638824535 0.9479652752018932 0.9521923791553323 0.9592860335722542 0.9452301282456006 0.9522830777471828
450 470 0.9597734307273951 0.9504226413313156 0.9561559243697629 0.960477315746729 0.9674329192475608 0.9530901302206488 0.9602569682607136
470 490 0.9572402689139166 0.9477208097004793 0.9543708137884765 0.9580590802395467 0.9645363098217619 0.9506185650601727 0.9583295297163625
490 510 0.9453983931237225 0.9360338704231237 0.9429587768793102 0.9463853314451752 0.9525356727336542 0.9388554578618045 0.9467017959132226
510 530 0.9265570681092649 0.9175506824717993 0.9241714156168325 0.9277017794568098 0.9336757859170145 0.920048252259198 0.9275574228571103
530 550 0.9032494419840785 0.8945553946673415 0.9011229954146199 0.9045376213599832 0.9102290742977092 0.8968490616232039 0.9041842846927146
550 570 0.8767456690392198 0.8683345420266791 0.8749616754638766 0.8781337357286517 0.8834750613899138 0.870515082227338 0.8777995398526554
570 590 0.8482078600518883 0.8400152626477414 0.8468623401260756 0.849627397594609 0.8545612002821326 0.8422317673185972 0.8495777172127447
590 610 0.8177133787927707 0.809968388935957 0.816397582201105 0.8191725742696988 0.823925839366989 0.8119635143398882 0.8189216761229157
610 630 0.7863764407429232 0.7790732518663295 0.7850910513142678 0.7879194290184518 0.7924955234311728 0.7807606285562406 0.7873230512152325
630 650 0.7551301442884458 0.7481767594848456 0.7540154108988394 0.7567135776175616 0.7610211492770775 0.7497198418404003 0.7560551719423628
650 670 0.7237387812383221 0.717207702067278 0.7226334406862782 0.7253560205605245 0.7295152897501556 0.7185093959669983 0.7244326508328794
670 690 0.6933452150499931 0.6870507460085267 0.6925352247807534 0.6949222922044612 0.6987742412936264 0.6883809371268633 0.6942615823803835
690 710 0.6636314740625693 0.6575589667116785 0.6631322983884143 0.6651800242211806 0.6687227004228566 0.6589251887368835 0.6647710901456907
710 730 0.6340189913517837 0.6283781760087817 0.6334248379965423 0.6356176506011305 0.6390637983011697 0.6294601808176591 0.6348286135489509
730 750 0.6059314713534625 0.6004970344646453 0.6055586868307032 0.6074686095669724 0.6106547682431329 0.6016114145627532 0.6069379362669076
750 770 0.5784405233422367 0.5733330466163471 0.578069754031931 0.5799986723554953 0.5830510568130957 0.5742577654777536 0.5792514231154965
770 790 0.5514913262754481 0.5468528686915524 0.5508963206298543 0.5530998040723238 0.5561575055445817 0.5474244256182224 0.5518430793383845
790 810 0.5269021025913693 0.5222945741498699 0.5267398788157154 0.5283627556138809 0.5310843695845112 0.523156499482562 0.5278384643794749
810 830 0.5023961053842325 0.49811561416342826 0.5021397134083143 0.5038995890492218 0.5065416576491404 0.4987336123565612 0.5030208354329193
830 850 0.4794903695946026 0.47534220157537377 0.4794704489939726 0.48092732772210933 0.48334384584266743 0.47604865208949587 0.4803562056970981
850 900 1.1034747118255783 1.094170236507963 1.1033463762886788 1.1070077105955412 1.1126449317029787 1.09542179249485 1.1051014372696997
900 950 0.9799561759074334 0.9719349859347645 0.9798786876894371 0.9832594174012489 0.9883279814501982 0.9728374688167166 0.9813607002730528
950 1000 0.8705405762985758 0.8636251661359413 0.8704509342866938 0.8736715430941269 0.8782417740256518 0.8641372329517913 0.8715795396255169
1000 1050 0.7736738177198004 0.7677943679422705 0.7734969130330358 0.7766854303819155 0.780868577896402 0.7678964048195718 0.774281003456042
1050 1100 0.6894557995508693 0.6840175660914978 0.6898637560970047 0.6921301700304262 0.6956171504266624 0.6844311966465101 0.6907123231817804
1100 1150 0.6141384420077636 0.6094273345091513 0.6144868088950094 0.616618185419396 0.6198034068363214 0.60965438964574 0.6151721957155057
1150 1200 0.5477540829248343 0.5436232903199213 0.5481495716440652 0.550105107723658 0.5529418566398437 0.5437083834724918 0.5486596057316795
1200 1250 0.48880282207117004 0.4852971981398193 0.489014970635869 0.49102441805680197 0.49368094424688974 0.4851113229863834 0.48936595264619703
1250 1300 0.43685482689220795 0.433808643709093 0.43700108932892 0.4389142255099698 0.4413516267011181 0.4335313936262799 0.43727210579750725
1300 1350 0.39109045388939945 0.38839239533269804 0.39129387483206685 0.3929989585840178 0.3951922071862859 0.3880986917118905 0.3914753750661919
1350 1400 0.3501599047617684 0.3478809029264078 0.35020021513939115 0.3519692712948355 0.3540459024865912 0.34741015506729883 0.3502684299310664
1400 1450 0.3145682123623327 0.3124318915357372 0.31482990348596235 0.3161796420764488 0.3179440707979196 0.3121802334656343 0.31501262529405444
1450 1500 0.28215735730591607 0.28038110079023804 0.2822269712864931 0.2837150216547385 0.2854311368375084 0.27992261808591046 0.28225503143986097
1500 15000 2.7110161177013508 2.697861461858247 2.711463417473895 2.7317629076387777 2.752606467398975 2.6875731560434066 2.710313047980545
