#  left-edge  right-edge       scale-central  central-error        scale-min      min-error        scale-max      max-error      rel-down     rel-up
           0          10         0.017046914     0.00244245      0.015875637     0.00161114      0.017453604     0.00384602        -6.87%      2.39%
          10          20         0.036690271     0.00266039      0.035022778     0.00166680      0.036957759     0.00199425        -4.54%      0.73%
          20          30         0.059937653     0.00155671      0.055605576     0.00104329      0.061836875     0.00233416        -7.23%      3.17%
          30          40         0.079286610     0.00186796      0.073281107     0.00119929      0.080347553     0.00444977        -7.57%      1.34%
          40          50         0.098120286     0.00327987      0.091173434     0.00202513       0.10152425     0.00514984        -7.08%      3.47%
          50          60          0.11457302     0.00309414       0.10707090     0.00188742       0.11795833     0.00399514        -6.55%      2.95%
          60          70          0.14265623     0.00177933       0.13119126     0.00108209       0.15043137     0.00282454        -8.04%      5.45%
          70          80          0.15732420     0.00324224       0.14662589     0.00192488       0.16319267     0.00516746        -6.80%      3.73%
          80          90          0.18080326     0.00341423       0.16807678     0.00204576       0.18848525     0.00537871        -7.04%      4.25%
          90         100          0.19705396     0.00321272       0.18476248     0.00167224       0.20380262     0.00507811        -6.24%      3.42%
         100         110          0.21869205     0.00202135       0.20442824     0.00137481       0.22688648     0.00290801        -6.52%      3.75%
         110         120          0.23297542     0.00265900       0.21867092     0.00162112       0.24070409     0.00416682        -6.14%      3.32%
         120         130          0.23454380     0.00206109       0.22143143     0.00139996       0.24146957     0.00296631        -5.59%      2.95%
         130         140          0.22182574     0.00326724       0.21121233     0.00214400       0.22642907     0.00361395        -4.78%      2.08%
         140         150          0.20530530     0.00249363       0.19554532     0.00169057       0.21020635     0.00366386        -4.75%      2.39%
         150         160          0.18028853     0.00205760       0.17322521     0.00136208       0.18430511     0.00312616        -3.92%      2.23%
         160         170          0.15505914     0.00262006       0.14994036     0.00163129       0.15624672     0.00409942        -3.30%      0.77%
         170         180          0.13752981     0.00200892       0.13254673     0.00135478       0.13940303     0.00289161        -3.62%      1.36%
         180         190          0.11606906     0.00367520       0.11229403     0.00219999       0.11734154     0.00584368        -3.25%      1.10%
         190         200         0.097294708     0.00310562      0.094752776     0.00183949      0.097582612     0.00495701        -2.61%      0.30%
         200         210         0.080514337     0.00139880      0.078998289    0.000937357      0.080724865     0.00130046        -1.88%      0.26%
         210         220         0.070064217     0.00119374      0.068283007    0.000797504      0.070389177     0.00221717        -2.54%      0.46%
         220         230         0.057765152     0.00225422      0.056633351     0.00131760      0.057906811     0.00204044        -1.96%      0.25%
         230         240         0.046650892    0.000989954      0.045019779     0.00170732      0.046959153    0.000895004        -3.50%      0.66%
         240         250         0.040954713     0.00116952      0.040079675    0.000585549      0.041046555     0.00104347        -2.14%      0.22%
         250         260         0.033461707     0.00118043      0.032654171     0.00210668      0.033650882     0.00105768        -2.41%      0.57%
         260         270         0.027022733    0.000984093      0.025964532     0.00126996      0.027330659    0.000863763        -3.92%      1.14%
         270         280         0.023579383    0.000709409      0.022865116     0.00124697      0.023707649    0.000627094        -3.03%      0.54%
         280         290         0.019657852    0.000723850      0.018872829     0.00127849      0.019853063    0.000644929        -3.99%      0.99%
         290         300         0.016489916    0.000526474      0.015727800    0.000938372      0.016655076    0.000471448        -4.62%      1.00%
         300         310         0.014283703    0.000432065      0.013837551    0.000719140      0.014378248    0.000385861        -3.12%      0.66%
         310         320         0.011036463    0.000419413     0.0099656934    0.000770307      0.011399482    0.000238293        -9.70%      3.29%
         320         330         0.010459109    0.000416655      0.010197373    0.000707032      0.010516729    0.000368880        -2.50%      0.55%
         330         340        0.0078925018    0.000248745     0.0069849835    0.000450168     0.0082197921    0.000151611       -11.50%      4.15%
         340         350        0.0075783754    0.000405517     0.0073303631    0.000720193     0.0076368006    0.000354355        -3.27%      0.77%
         350         360        0.0061168049    0.000251426     0.0056914376    0.000443992     0.0061992151    0.000220676        -6.95%      1.35%
         360         370        0.0050928128    0.000166370     0.0046013324    0.000268562     0.0052539919    0.000110505        -9.65%      3.16%
         370         380        0.0044858366    0.000150639     0.0040693337    0.000253420     0.0046120749    9.59089e-05        -9.28%      2.81%
         380         390        0.0041363740    0.000154679     0.0039886519    0.000246608     0.0041747814    0.000139240        -3.57%      0.93%
         390         400        0.0035924672    0.000146090     0.0035534025    0.000164553     0.0036330278    0.000327601        -1.09%      1.13%
         400         410        0.0028310963    0.000118943     0.0026421058    0.000253902     0.0029441606    7.58148e-05        -6.68%      3.99%
         410         420        0.0025475644    9.14312e-05     0.0023126246    0.000144542     0.0026238819    5.87225e-05        -9.22%      3.00%
         420         430        0.0022722251    0.000147357     0.0021188920    0.000246326     0.0023063684    0.000131300        -6.75%      1.50%
         430         440        0.0019209768    7.42500e-05     0.0017435175    0.000124664     0.0019938132    4.68809e-05        -9.24%      3.79%
         440         450        0.0018518850    0.000125685     0.0018046624    0.000221020     0.0018683734    0.000107322        -2.55%      0.89%
         450         460        0.0015778712    9.36822e-05     0.0014980455    0.000162654     0.0015977852    8.12838e-05        -5.06%      1.26%
         460         470        0.0013614994    6.93589e-05     0.0012605861    0.000114213     0.0013817442    4.44967e-05        -7.41%      1.49%
         470         480        0.0011452728    4.65996e-05     0.0010536791    8.69093e-05     0.0011853271    3.15907e-05        -8.00%      3.50%
         480         490        0.0010473399    5.94257e-05    0.00096980711    8.23514e-05     0.0010625586    5.20913e-05        -7.40%      1.45%
         490         500       0.00084801605    4.68797e-05    0.00072392646    7.04161e-05    0.00089751872    3.34370e-05       -14.63%      5.84%
         500         510       0.00087428882    4.20517e-05    0.00082032816    6.61105e-05    0.00088583506    3.77854e-05        -6.17%      1.32%
         510         520       0.00064762923    4.63412e-05    0.00053095601    8.12357e-05    0.00069276331    2.79621e-05       -18.02%      6.97%
         520         530       0.00065730707    3.45507e-05    0.00063475046    7.33934e-05    0.00067094304    2.34875e-05        -3.43%      2.07%
         530         540       0.00061743589    3.12896e-05    0.00058418616    4.95886e-05    0.00062602874    2.81487e-05        -5.39%      1.39%
         540         550       0.00049978703    2.77449e-05    0.00045260118    4.32438e-05    0.00051573446    1.89277e-05        -9.44%      3.19%
         550         560       0.00045350537    2.56515e-05    0.00041126808    4.00098e-05    0.00046573307    1.70309e-05        -9.31%      2.70%
         560         570       0.00043153649    2.26555e-05    0.00040165625    3.58729e-05    0.00043876873    2.05282e-05        -6.92%      1.68%
         570         580       0.00034170438    2.72141e-05    0.00028733898    4.40786e-05    0.00036309704    1.78513e-05       -15.91%      6.26%
         580         590       0.00036062009    2.03444e-05    0.00034674598    3.34205e-05    0.00036062009    2.03444e-05        -3.85%   0.00000%
         590         600       0.00027700076    2.12982e-05    0.00024006508    3.48958e-05    0.00029001000    1.39863e-05       -13.33%      4.70%
         600         610       0.00030218175    1.96523e-05    0.00029699452    1.32614e-05    0.00030370192    1.75631e-05        -1.72%      0.50%
         610         620       0.00019144573    1.80653e-05    0.00014006453    2.68643e-05    0.00021431684    1.44753e-05       -26.84%     11.95%
         620         630       0.00022618349    1.59281e-05    0.00019903198    2.73779e-05    0.00023408618    1.12379e-05       -12.00%      3.49%
         630         640       0.00019536909    1.35269e-05    0.00017212135    2.08069e-05    0.00020240731    9.60029e-06       -11.90%      3.60%
         640         650       0.00016717326    1.76395e-05    0.00015064367    3.60963e-05    0.00017544288    1.20239e-05        -9.89%      4.95%
         650         660       0.00016653359    1.37615e-05    0.00015328511    2.05997e-05    0.00017080500    1.25052e-05        -7.96%      2.56%
         660         670       0.00014648466    1.15441e-05    0.00013853763    1.85498e-05    0.00014939284    1.03788e-05        -5.43%      1.99%
         670         680       0.00015353055    1.89085e-05    0.00015047805    1.34429e-05    0.00015548851    1.64925e-05        -1.99%      1.28%
         680         690       0.00012240092    9.47162e-06    0.00010912113    1.46237e-05    0.00012487207    6.14909e-06       -10.85%      2.02%
         690         700       0.00011386192    9.92405e-06    0.00010264531    1.57769e-05    0.00011879437    1.03963e-05        -9.85%      4.33%
         700         710       8.8036434e-05    7.24682e-06    7.2360861e-05    1.11626e-05    9.5413257e-05    5.25786e-06       -17.81%      8.38%
         710         720       9.5760795e-05    7.64016e-06    8.7138518e-05    1.17969e-05    9.7314497e-05    6.91334e-06        -9.00%      1.62%
         720         730       8.3082816e-05    6.70406e-06    7.6306773e-05    1.02654e-05    8.5412814e-05    4.78172e-06        -8.16%      2.80%
         730         740       6.7816619e-05    6.77572e-06    5.5827831e-05    1.05258e-05    7.3963672e-05    4.76904e-06       -17.68%      9.06%
         740         750       7.1774091e-05    5.95122e-06    6.6661339e-05    9.03254e-06    7.3210641e-05    4.62591e-06        -7.12%      2.00%
         750         760       7.0027716e-05    6.20835e-06    6.8848342e-05    4.30708e-06    7.0498369e-05    8.55737e-06        -1.68%      0.67%
         760         770       5.1494910e-05    6.25304e-06    4.3949362e-05    9.28507e-06    5.4443445e-05    4.52978e-06       -14.65%      5.73%
         770         780       5.1827331e-05    5.46569e-06    4.6698834e-05    8.68528e-06    5.3728891e-05    3.73913e-06        -9.90%      3.67%
         780         790       4.5520143e-05    5.15816e-06    3.8933676e-05    8.17062e-06    4.7975464e-05    3.52346e-06       -14.47%      5.39%
         790         800       4.4572289e-05    4.13293e-06    3.7335976e-05    6.84133e-06    4.7169181e-05    2.89350e-06       -16.24%      5.83%
         800         810       4.7671919e-05    3.85813e-06    4.3837505e-05    6.13265e-06    4.8565719e-05    3.54079e-06        -8.04%      1.87%
         810         820       3.2849790e-05    3.62268e-06    2.7248714e-05    5.46668e-06    3.4897600e-05    2.61991e-06       -17.05%      6.23%
         820         830       2.9809221e-05    3.35957e-06    2.2748086e-05    5.11599e-06    3.2778672e-05    2.39903e-06       -23.69%      9.96%
         830         840       3.1281133e-05    3.72051e-06    2.8421764e-05    5.69512e-06    3.2471412e-05    2.69392e-06        -9.14%      3.81%
         840         850       2.5394450e-05    3.01446e-06    2.0199509e-05    4.58477e-06    2.7239841e-05    2.35673e-06       -20.46%      7.27%
         850         860       2.9149959e-05    3.39292e-06    2.5108947e-05    5.16053e-06    3.0472903e-05    3.07182e-06       -13.86%      4.54%
         860         870       2.6767857e-05    2.97934e-06    2.5462065e-05    4.69203e-06    2.7087542e-05    2.66940e-06        -4.88%      1.19%
         870         880       1.9760643e-05    2.45069e-06    1.5885896e-05    3.65256e-06    2.1459670e-05    1.76686e-06       -19.61%      8.60%
         880         890       2.0366263e-05    2.68375e-06    1.8427727e-05    4.25248e-06    2.0387660e-05    1.69085e-06        -9.52%      0.11%
         890         900       1.9525108e-05    2.38903e-06    1.8015740e-05    3.31049e-06    2.0453494e-05    1.99168e-06        -7.73%      4.75%
         900         910       1.9718236e-05    2.17813e-06    1.9309705e-05    2.87875e-06    1.9940759e-05    1.97053e-06        -2.07%      1.13%
         910         920       1.6123979e-05    2.44452e-06    1.3519598e-05    3.80787e-06    1.7208853e-05    1.68844e-06       -16.15%      6.73%
         920         930       1.3724556e-05    2.03028e-06    1.2431750e-05    3.61283e-06    1.4738562e-05    1.40859e-06        -9.42%      7.39%
         930         940       1.2140553e-05    1.98481e-06    1.0953434e-05    3.14176e-06    1.2690006e-05    1.27944e-06        -9.78%      4.53%
         940         950       1.6553052e-05    2.40547e-06    1.5816524e-05    1.68983e-06    1.6674803e-05    2.78286e-06        -4.45%      0.74%
         950         960       9.4472811e-06    2.41793e-06    6.4709706e-06    3.64466e-06    1.0691689e-05    1.69038e-06       -31.50%     13.17%
         960         970       1.2627522e-05    1.56266e-06    1.2151143e-05    1.08012e-06    1.3351538e-05    2.62029e-06        -3.77%      5.73%
         970         980       7.5903358e-06    1.65950e-06    3.9845674e-06    2.54546e-06    9.3710897e-06    1.47704e-06       -47.50%     23.46%
         980         990       9.9086826e-06    1.43890e-06    9.2732404e-06    2.20786e-06    1.0131619e-05    1.30358e-06        -6.41%      2.25%
         990        1000       1.0530485e-05    1.70282e-06    1.0227347e-05    1.13958e-06    1.0702214e-05    2.34691e-06        -2.88%      1.63%
