#  left-edge  right-edge       scale-central  central-error        scale-min      min-error        scale-max      max-error      rel-down     rel-up
           0          10         0.015752234    0.000343477      0.012321316    0.000250913      0.020635974    0.000481492       -21.78%     31.00%
          10          20         0.036303743    0.000532375      0.029040040    0.000388451      0.046386416    0.000747271       -20.01%     27.77%
          20          30         0.053066369    0.000648424      0.043080575    0.000473320      0.066651127    0.000909800       -18.82%     25.60%
          30          40         0.068945073    0.000815371      0.056559681    0.000594513      0.085527264     0.00114565       -17.96%     24.05%
          40          50         0.087299304     0.00100040      0.072032623    0.000729703       0.10750758     0.00140482       -17.49%     23.15%
          50          60         0.099980390     0.00105286      0.083456128    0.000768860       0.12139052     0.00147651       -16.53%     21.41%
          60          70          0.12204868     0.00108676       0.10189862    0.000793596       0.14811156     0.00152420       -16.51%     21.35%
          70          80          0.13692598     0.00118171       0.11517641    0.000862950       0.16458836     0.00165724       -15.88%     20.20%
          80          90          0.15884375     0.00133713       0.13370855    0.000976127       0.19070868     0.00187584       -15.82%     20.06%
          90         100          0.17414292     0.00141810       0.14747380     0.00103471       0.20740777     0.00199058       -15.31%     19.10%
         100         110          0.19325153     0.00138832       0.16411209     0.00101318       0.22927086     0.00194840       -15.08%     18.64%
         110         120          0.20973272     0.00151318       0.17902806     0.00110514       0.24704915     0.00212180       -14.64%     17.79%
         120         130          0.21157913     0.00162646       0.18309105     0.00118757       0.24456696     0.00228133       -13.46%     15.59%
         130         140          0.20270022     0.00164352       0.17749287     0.00119944       0.23031579     0.00230663       -12.44%     13.62%
         140         150          0.18433886     0.00161638       0.16321394     0.00117879       0.20598944     0.00227034       -11.46%     11.74%
         150         160          0.16310570     0.00155614       0.14585283     0.00113372       0.17945448     0.00218822       -10.58%     10.02%
         160         170          0.13810148     0.00143520       0.12517075     0.00104450       0.14868888     0.00202072        -9.36%      7.67%
         170         180          0.12329945     0.00129094       0.11167838    0.000938156       0.13275542     0.00182061        -9.43%      7.67%
         180         190          0.10155993     0.00117587      0.093141592    0.000853473       0.10707344     0.00166070        -8.29%      5.43%
         190         200         0.086323643     0.00102105      0.079465690    0.000739676      0.090476631     0.00135795        -7.94%      4.81%
         200         210         0.071044055    0.000877241      0.066017643    0.000634491      0.073535525     0.00116505        -7.08%      3.51%
         210         220         0.061492462    0.000748586      0.056962458    0.000540623      0.063865208    0.000992695        -7.37%      3.86%
         220         230         0.051115111    0.000662685      0.047596189    0.000477957      0.052694645    0.000877606        -6.88%      3.09%
         230         240         0.042050187    0.000576700      0.039429214    0.000415545      0.042958991    0.000762763        -6.23%      2.16%
         240         250         0.036104094    0.000494076      0.033731069    0.000355588      0.037011047    0.000652707        -6.57%      2.51%
         250         260         0.029610271    0.000465052      0.027867748    0.000333338      0.030070095    0.000613022        -5.88%      1.55%
         260         270         0.024722562    0.000418076      0.023332148    0.000299251      0.025004594    0.000550439        -5.62%      1.14%
         270         280         0.020672977    0.000333875      0.019563758    0.000239478      0.020819753    0.000439514        -5.37%      0.71%
         280         290         0.017444608    0.000289109      0.016520102    0.000207114      0.017545722    0.000380157        -5.30%      0.58%
         290         300         0.014788415    0.000250609      0.014008047    0.000179310      0.014867774    0.000329182        -5.28%      0.54%
         300         310         0.012559575    0.000223747      0.011900412    0.000160006      0.012616694    0.000293623        -5.25%      0.45%
         310         320         0.010144130    0.000197617     0.0097106037    0.000284022      0.010180379    0.000180915        -4.27%      0.36%
         320         330        0.0091482427    0.000182385     0.0086541958    0.000129922     0.0091984223    0.000201075        -5.40%      0.55%
         330         340        0.0072936807    0.000159958     0.0069186450    0.000231200     0.0073279023    0.000145424        -5.14%      0.47%
         340         350        0.0066006485    0.000127903     0.0062681072    9.11777e-05     0.0066271745    0.000141109        -5.04%      0.40%
         350         360        0.0055396064    0.000116672     0.0052935265    8.31109e-05     0.0055454345    0.000106094        -4.44%      0.11%
         360         370        0.0046799606    0.000104227     0.0044541036    0.000150490     0.0046944850    9.46520e-05        -4.83%      0.31%
         370         380        0.0040686160    9.69567e-05     0.0038934549    6.88279e-05     0.0040736982    8.77383e-05        -4.31%      0.12%
         380         390        0.0036044171    8.59652e-05     0.0034306710    6.09405e-05     0.0036106358    9.57286e-05        -4.82%      0.17%
         390         400        0.0032043594    7.26004e-05     0.0030303310    5.15344e-05     0.0032193602    8.08181e-05        -5.43%      0.47%
         400         410        0.0025974133    6.61778e-05     0.0024481155    9.59583e-05     0.0026066061    5.97128e-05        -5.75%      0.35%
         410         420        0.0023478401    6.06742e-05     0.0022382357    4.30543e-05     0.0023505723    6.76736e-05        -4.67%      0.12%
         420         430        0.0019455768    5.43347e-05     0.0018145927    7.87868e-05     0.0019555304    4.89527e-05        -6.73%      0.51%
         430         440        0.0017895322    4.71610e-05     0.0017065839    3.34066e-05     0.0017912591    5.27853e-05        -4.64%       0.1%
         440         450        0.0015297184    4.23805e-05     0.0014419770    6.16042e-05     0.0015340481    3.80549e-05        -5.74%      0.28%
         450         460        0.0013798509    3.80941e-05     0.0013164516    2.69630e-05     0.0013798509    3.80941e-05        -4.59%   0.00000%
         460         470        0.0011806179    3.51515e-05     0.0011137413    5.11363e-05     0.0011821398    3.15092e-05        -5.66%      0.13%
         470         480        0.0010620236    3.24306e-05     0.0010123046    4.72263e-05     0.0010624268    3.64994e-05        -4.68%      0.04%
         480         490       0.00091195176    3.02509e-05    0.00085218813    4.40836e-05    0.00091458581    2.70441e-05        -6.55%      0.29%
         490         500       0.00082316029    2.74607e-05    0.00077831082    4.00581e-05    0.00082319147    2.45160e-05        -5.45%     0.004%
         500         510       0.00073467679    2.43463e-05    0.00069470590    3.55393e-05    0.00073498521    2.17095e-05        -5.44%      0.04%
         510         520       0.00061736056    2.18422e-05    0.00056655187    3.18880e-05    0.00062057617    1.94659e-05        -8.23%      0.52%
         520         530       0.00059406209    1.95945e-05    0.00056474241    1.38174e-05    0.00059443187    2.21802e-05        -4.94%      0.06%
         530         540       0.00055485230    1.86813e-05    0.00052169131    1.31669e-05    0.00055847790    2.11689e-05        -5.98%      0.65%
         540         550       0.00042508109    1.74856e-05    0.00038267938    2.55614e-05    0.00042912979    1.55446e-05        -9.97%      0.95%
         550         560       0.00042593521    1.57094e-05    0.00040381536    1.10640e-05    0.00042673558    1.78363e-05        -5.19%      0.19%
         560         570       0.00037644828    1.49111e-05    0.00035707496    2.18016e-05    0.00037644828    1.49111e-05        -5.15%   0.00000%
         570         580       0.00030777245    1.36575e-05    0.00027658635    1.99774e-05    0.00031065585    1.21167e-05       -10.13%      0.94%
         580         590       0.00032166968    1.26195e-05    0.00030177036    8.87415e-06    0.00032435419    1.62230e-05        -6.19%      0.83%
         590         600       0.00024310491    1.16796e-05    0.00021473485    1.71171e-05    0.00024599426    1.03353e-05       -11.67%      1.19%
         600         610       0.00024908310    1.05471e-05    0.00023633468    7.41041e-06    0.00024927901    1.20431e-05        -5.12%      0.08%
         610         620       0.00021256748    1.00769e-05    0.00019675700    1.47724e-05    0.00021299833    8.90658e-06        -7.44%      0.20%
         620         630       0.00021635521    9.61046e-06    0.00020190560    6.75323e-06    0.00021922109    1.23307e-05        -6.68%      1.32%
         630         640       0.00016880711    9.26052e-06    0.00015311597    1.35815e-05    0.00017001111    8.17682e-06        -9.30%      0.71%
         640         650       0.00015823524    8.94189e-06    0.00014687511    1.31892e-05    0.00015837161    7.85243e-06        -7.18%      0.09%
         650         660       0.00014977910    8.02050e-06    0.00014149414    1.18501e-05    0.00014977910    8.02050e-06        -5.53%   0.00000%
         660         670       0.00013236924    6.91179e-06    0.00012362039    1.01479e-05    0.00013242382    6.09079e-06        -6.61%      0.04%
         670         680       0.00012070834    6.82922e-06    0.00011360732    1.00300e-05    0.00012070834    6.82922e-06        -5.88%   0.00000%
         680         690       0.00011249295    6.35210e-06    0.00010674900    9.33598e-06    0.00011249295    6.35210e-06        -5.11%   0.00000%
         690         700       9.9349714e-05    5.68309e-06    9.3160328e-05    8.36079e-06    9.9349714e-05    5.68309e-06        -6.23%   0.00000%
         700         710       8.1752212e-05    5.28203e-06    7.2516834e-05    7.76860e-06    8.2461665e-05    4.64291e-06       -11.30%      0.87%
         710         720       9.0652159e-05    4.84102e-06    8.4573497e-05    3.39327e-06    9.1959750e-05    6.18597e-06        -6.71%      1.44%
         720         730       7.3629477e-05    4.68958e-06    6.8512365e-05    6.90976e-06    7.3629477e-05    4.68958e-06        -6.95%   0.00000%
         730         740       6.2758702e-05    4.21691e-06    5.5163835e-05    6.21176e-06    6.3451147e-05    3.69807e-06       -12.10%      1.10%
         740         750       7.0887760e-05    3.92208e-06    6.5422041e-05    2.74828e-06    7.2348485e-05    5.00575e-06        -7.71%      2.06%
         750         760       5.7986450e-05    3.82325e-06    5.4575100e-05    5.62970e-06    5.7986450e-05    3.82325e-06        -5.88%   0.00000%
         760         770       5.1354051e-05    3.65679e-06    4.7510330e-05    5.39033e-06    5.1354051e-05    3.65679e-06        -7.48%   0.00000%
         770         780       5.1613458e-05    3.45840e-06    4.8333113e-05    2.41999e-06    5.2015750e-05    4.40905e-06        -6.36%      0.78%
         780         790       3.7562261e-05    3.13536e-06    3.1025576e-05    4.61953e-06    3.8517751e-05    2.74536e-06       -17.40%      2.54%
         790         800       4.1105099e-05    2.90426e-06    3.8307722e-05    4.28377e-06    4.1105099e-05    2.90426e-06        -6.81%   0.00000%
         800         810       4.1487574e-05    2.86454e-06    3.8534019e-05    2.00379e-06    4.2106097e-05    3.64786e-06        -7.12%      1.49%
         810         820       2.9044180e-05    2.75152e-06    2.4726442e-05    4.06036e-06    2.9505217e-05    2.40469e-06       -14.87%      1.59%
         820         830       3.1090182e-05    2.53918e-06    2.8920292e-05    3.74450e-06    3.1090182e-05    2.53918e-06        -6.98%   0.00000%
         830         840       2.9843583e-05    2.37271e-06    2.8127806e-05    1.66704e-06    2.9867730e-05    2.74520e-06        -5.75%      0.08%
         840         850       2.4229853e-05    2.19137e-06    2.1434751e-05    3.21590e-06    2.4371831e-05    1.92873e-06       -11.54%      0.59%
         850         860       2.6348377e-05    2.12248e-06    2.4642207e-05    1.49689e-06    2.6581817e-05    2.69849e-06        -6.48%      0.89%
         860         870       2.5125934e-05    2.07115e-06    2.3304042e-05    1.45798e-06    2.5603241e-05    2.63256e-06        -7.25%      1.90%
         870         880       1.8126846e-05    1.88597e-06    1.5465171e-05    2.77361e-06    1.8395988e-05    1.65412e-06       -14.68%      1.48%
         880         890       1.7275213e-05    1.73289e-06    1.5349342e-05    2.55148e-06    1.7349167e-05    1.51844e-06       -11.15%      0.43%
         890         900       2.0588741e-05    1.68953e-06    1.8922941e-05    1.18651e-06    2.1168646e-05    2.14495e-06        -8.09%      2.82%
         900         910       1.6826697e-05    1.59868e-06    1.5874326e-05    1.12179e-06    1.6826697e-05    1.59868e-06        -5.66%   0.00000%
         910         920       1.5579757e-05    1.50718e-06    1.4680167e-05    1.05784e-06    1.5648656e-05    1.75133e-06        -5.77%      0.44%
         920         930       1.3509561e-05    1.44815e-06    1.2538788e-05    2.13794e-06    1.3509561e-05    1.44815e-06        -7.19%   0.00000%
         930         940       9.9679209e-06    1.32766e-06    7.9799723e-06    1.95675e-06    1.0235016e-05    1.15946e-06       -19.94%      2.68%
         940         950       1.5596724e-05    2.13636e-06    1.3833401e-05    1.48576e-06    1.6677944e-05    3.16678e-06       -11.31%      6.93%
         950         960       8.2331683e-06    2.10210e-06    6.1591206e-06    3.11846e-06    8.5615894e-06    1.68723e-06       -25.19%      3.99%
         960         970       1.1502821e-05    1.11011e-06    1.0666775e-05    7.76913e-07    1.1749643e-05    1.40614e-06        -7.27%      2.15%
         970         980       9.1819351e-06    1.08721e-06    8.3756227e-06    1.60870e-06    9.1819351e-06    1.08721e-06        -8.78%   0.00000%
         980         990       8.1339354e-06    1.01584e-06    7.2634389e-06    1.50367e-06    8.1440789e-06    8.82434e-07       -10.70%      0.12%
         990        1000       9.2319994e-06    9.89597e-07    8.5296255e-06    6.90349e-07    9.3855384e-06    1.25223e-06        -7.61%      1.66%
